11.9851,1.68989
11.9179,1.67656
11.8218,1.67019
11.6819,1.65808
11.5135,1.65662
11.3183,1.65419
11.0967,1.67084
10.8479,1.68935
10.571,1.72806
10.263,1.77763
9.92237,1.82702
9.5537,1.87014
9.15757,1.90784
8.73369,1.93688
8.28199,1.95635
7.80242,1.96459
7.29514,1.96034
6.76045,1.94249
6.1974,1.90968
5.5977,1.87348
4.96915,1.84685
4.31333,1.80516
3.63169,1.74899
2.92298,1.67694
2.18112,1.58698
1.41084,1.50728
0.612875,1.43891
-0.21342,1.38257
-1.06797,1.33847
-1.94973,1.30664
-2.85772,1.2872
-3.79293,1.28085
-4.75405,1.25654
-5.74318,1.21307
-6.76208,1.18446
-7.80762,1.17431
-8.88138,1.18428
-9.99152,1.17736
-11.1372,1.15846
-12.3093,1.15233
-13.508,1.16121
-14.7345,1.18738
-15.9904,1.23199
-17.2723,1.29291
-18.5794,1.36842
-19.9126,1.45795
-21.2765,1.52137
-22.6686,1.59801
-24.0884,1.69413
-25.5359,1.77478
-27.0121,1.83977
-28.5133,1.93208
-30.0088,2.05387
-31.5051,2.15972
-32.9548,2.23601
-34.3573,2.28068
-35.7138,2.29923
-37.0238,2.30252
-38.2836,2.2992
-39.4904,2.29159
-40.6438,2.28014
-41.745,2.26437
4.5015,1.60302
4.44279,1.58471
4.35604,1.57076
4.24312,1.53427
4.08882,1.49957
3.90083,1.4578
3.6836,1.43002
3.44039,1.39746
3.1684,1.37794
2.86947,1.35822
2.54127,1.35339
2.18306,1.35696
1.79026,1.37442
1.36617,1.38332
0.91506,1.38483
0.43727,1.37594
-0.0671948,1.35499
-0.599658,1.32
-1.16616,1.2697
-1.76078,1.22763
-2.38262,1.19453
-3.03197,1.17224
-3.71032,1.16267
-4.41718,1.13984
-5.15208,1.10276
-5.91982,1.07898
-6.71455,1.06833
-7.53629,1.07161
-8.38652,1.08972
-9.26404,1.09295
-10.1687,1.07966
-11.1027,1.04904
-12.065,1.03368
-13.0536,1.03623
-14.0705,1.05792
-15.1179,1.09778
-16.195,1.15327
-17.2979,1.22264
-18.4237,1.30478
-19.5736,1.40033
-20.7504,1.47404
-21.9586,1.52488
-23.2034,1.59586
-24.4733,1.69426
-25.7689,1.78467
-27.0929,1.86587
-28.4468,1.97502
-29.8287,2.10769
-31.2358,2.21665
-32.5951,2.28906
-33.9086,2.32818
-35.179,2.34236
-36.4033,2.34636
-37.5746,2.34595
-38.6892,2.34292
-39.7466,2.33793
-40.7483,2.33064
-41.6968,2.32001
12.9033,-38.7963
12.955,-38.763
13.0349,-38.7264
13.1338,-38.661
13.2568,-38.5811
13.3972,-38.471
13.5633,-38.3481
13.7445,-38.1929
13.9415,-38.0078
14.1563,-37.7965
14.3831,-37.5526
14.6225,-37.2783
14.8716,-36.9721
8.97454,-39.3968
9.03289,-39.3774
9.11936,-39.3617
9.23139,-39.323
9.37035,-39.2761
9.53373,-39.2043
9.72513,-39.1265
9.93913,-39.0211
10.176,-38.8907
10.4365,-38.7394
10.7168,-38.5594
11.0178,-38.3522
11.3553,-38.13
11.7198,-37.8988
12.1118,-37.6614
12.5324,-37.4195
12.9823,-37.1744
13.4635,-36.9272
13.9643,-36.6582
14.4836,-36.3675
15.0204,-36.0531
5.0014,1.61302
4.94268,1.59471
4.85567,1.5809
4.72506,1.55744
4.55888,1.53294
4.36154,1.50322
4.13106,1.46984
3.86396,1.4323
3.56831,1.40693
3.24564,1.3822
2.89357,1.37117
2.51126,1.36799
2.09444,1.37854
1.64576,1.37966
1.17032,1.37237
0.66836,1.3539
0.139594,1.3224
-0.417239,1.27596
-1.00219,1.23791
-1.61432,1.2089
-2.25388,1.19078
-2.92092,1.18514
-3.61649,1.19345
-4.33914,1.18947
-5.08824,1.17224
-5.86575,1.14018
-6.67288,1.1215
-7.50661,1.11702
-8.36745,1.12746
-9.25707,1.15322
-10.1741,1.16332
-11.1187,1.15577
-12.0967,1.12912
-13.1035,1.11807
-14.1371,1.12644
-15.1972,1.15522
-16.2855,1.20302
-17.4008,1.26599
-18.5401,1.3419
-19.7031,1.43094
-20.8913,1.49744
-22.1095,1.5399
-23.3618,1.59615
-24.6425,1.67626
-25.9506,1.74679
-27.2877,1.80742
-28.6492,1.89713
-30.0387,2.01629
-31.4589,2.11765
-32.8312,2.18327
-34.1555,2.21435
-35.4355,2.21595
-36.6718,2.20069
-37.8584,2.18017
-38.9895,2.15744
-40.0626,2.13383
7.49921,1.72091
7.42399,1.71387
7.32045,1.70991
7.1895,1.68283
7.02553,1.66948
6.83553,1.65055
6.61733,1.64622
6.37274,1.63932
6.09983,1.64915
5.79782,1.66461
5.46476,1.69813
5.09472,1.72323
4.69731,1.7438
4.27277,1.75509
3.82116,1.7565
3.34242,1.74603
2.83665,1.72235
2.30406,1.68422
1.74366,1.63019
1.14884,1.58443
0.52534,1.54767
-0.127266,1.52189
-0.810514,1.50903
-1.52576,1.51051
-2.27468,1.52736
-3.05518,1.56013
-3.86776,1.60955
-4.70764,1.64568
-5.57471,1.66752
-6.4697,1.67498
-7.39344,1.66816
-8.34641,1.64686
-9.32689,1.64385
-10.3339,1.62802
-11.3694,1.59706
-12.4352,1.58267
-13.5281,1.58401
-14.6489,1.6005
-15.7965,1.59604
-16.9718,1.56812
-18.1759,1.55381
-19.4069,1.55977
-20.664,1.58922
-21.9484,1.64134
-23.2598,1.71133
-24.5974,1.79453
-25.9602,1.85034
-27.3508,1.87676
-28.7717,1.91267
-30.223,1.96764
-31.7002,2.01161
-33.1272,2.04788
-34.5037,2.07743
-35.8303,2.09974
-37.1083,2.11299
-38.3384,2.11344
-39.5202,2.09716
-40.6534,2.0633
-40.5459,-37.1009
-40.4873,-37.1197
-40.4083,-37.1582
-40.2951,-37.1931
-40.1552,-37.2374
-39.981,-37.276
-39.7806,-37.3264
-39.5457,-37.3678
-39.2776,-37.4026
-38.978,-37.4344
-38.6441,-37.4548
-38.2794,-37.4859
-37.8876,-37.5258
-37.4688,-37.5782
-37.0222,-37.6226
-36.5476,-37.6592
-36.0433,-37.6858
18.6426,-15.1675
18.6482,-15.0919
18.6347,-14.9863
18.626,-14.8499
18.616,-14.6795
18.6086,-14.4828
18.5823,-14.2593
18.554,-14.0086
18.5045,-13.7301
18.4604,-13.4224
18.4181,-13.0869
18.3838,-12.7237
18.3557,-12.3331
18.3377,-11.9143
18.3304,-11.466
18.336,-10.9865
18.3314,-10.4728
18.3164,-9.92986
18.3138,-9.35132
18.3231,-8.74443
18.3204,-8.11044
18.3057,-7.44992
18.2775,-6.76278
18.2347,-6.04915
18.1764,-5.30952
18.1022,-4.54448
18.0117,-3.75453
17.9044,-2.94005
17.7915,-2.17541
17.6737,-1.46073
17.5515,-0.79599
17.4258,-0.181158
17.2976,0.383837
17.1679,0.899067
17.0378,1.36461
16.9083,1.78058
16.7808,2.14716
16.6567,2.46462
16.5375,2.73331
16.4249,2.95372
16.3209,3.12651
16.2274,3.25253
16.1468,3.333
16.0843,3.39336
16.0436,3.43413
16.0132,3.44729
16.0164,3.44584
12.9868,1.58088
12.9262,1.57036
12.8384,1.56783
12.7217,1.54631
12.5642,1.532
12.3707,1.5151
12.15,1.51585
11.9029,1.51531
11.629,1.53143
11.3283,1.551
11.0004,1.58914
10.6438,1.63959
10.251,1.70032
9.82712,1.75595
9.37562,1.80635
8.89637,1.84887
8.3892,1.88196
7.85408,1.90413
7.29116,1.9142
6.70077,1.91116
6.08191,1.89381
5.43238,1.86076
4.7535,1.83851
4.04704,1.80086
3.31394,1.74801
2.5537,1.67905
1.75762,1.62216
0.933971,1.57787
0.081269,1.54703
-0.801074,1.52995
-1.71168,1.52644
-2.64849,1.5362
-3.61248,1.55989
-4.6028,1.5658
-5.62026,1.55327
-6.66713,1.52345
-7.74717,1.51374
-8.85395,1.52608
-9.98847,1.52679
-11.1522,1.51083
-12.3498,1.51128
-13.5737,1.52657
-14.825,1.55671
-16.1043,1.56339
-17.4135,1.54447
-18.7515,1.5418
-20.1158,1.5637
-21.5059,1.61322
-22.9235,1.68841
-24.3697,1.78233
-25.8426,1.84706
-27.3416,1.87935
-28.8424,1.91792
-30.3417,1.96709
-31.8415,1.99734
-33.2923,2.01789
-34.6913,2.03335
-36.038,2.0447
-37.3332,2.05161
-38.5788,2.05292
-39.7763,2.04642
-40.9265,2.02727
-15.7093,-26.0292
-15.7677,-26.0487
-15.8561,-26.0632
-15.9867,-26.0889
-16.1456,-26.1049
-16.3307,-26.1263
-16.5442,-26.1316
-16.7844,-26.1386
-17.0542,-26.1282
-17.3614,-26.1309
-17.6959,-26.1379
-18.0585,-26.1589
-18.4552,-26.1902
-18.8796,-26.2152
-19.3312,-26.2322
-19.81,-26.2392
-20.3159,-26.2346
-20.849,-26.2168
-21.4103,-26.1845
-21.9995,-26.1611
-22.6156,-26.1474
-23.2603,-26.1455
-23.9356,-26.1577
-24.6382,-26.158
-25.3672,-26.1457
-26.123,-26.1194
-26.907,-26.0779
-27.7187,-26.0493
-28.5571,-26.0346
-29.4231,-26.0346
-30.3167,-26.049
-31.2381,-26.0778
-32.1906,-26.0888
-33.1686,-26.1129
-34.1728,-26.1513
-35.1505,-26.204
-36.0791,-26.2696
-36.9588,-26.346
-37.7893,-26.4307
-38.5702,-26.5222
-39.3011,-26.6196
-39.982,-26.7227
-40.613,-26.8307
-41.1942,-26.9428
-41.7256,-27.0579
-42.2075,-27.1749
