-0.0542032,1.49185
-0.120087,1.47309
-0.213547,1.45796
-0.334133,1.4208
-0.494013,1.38178
-0.684639,1.3374
-0.90457,1.30705
-1.15054,1.27193
-1.42524,1.24943
-1.72674,1.22654
-2.05699,1.21809
-2.4152,1.21718
-2.80175,1.23011
-3.21761,1.25588
-3.66213,1.27528
-4.13381,1.28743
-4.63241,1.28973
-5.15795,1.28035
-5.71063,1.25773
-6.29158,1.22021
-6.90337,1.19227
-7.54216,1.17424
-8.20964,1.16825
-8.90491,1.14922
-9.6284,1.11619
-10.3844,1.06703
-11.1687,1.02989
-11.9799,1.00582
-12.8185,0.995571
-13.6862,0.999793
-14.5854,1.01923
-15.5141,1.05375
-16.47,1.10313
-17.4509,1.16675
-18.4567,1.24504
-19.4888,1.33959
-20.5489,1.41841
-21.6373,1.48099
-22.7555,1.52845
-23.9068,1.5622
-25.0835,1.58504
-26.2847,1.59741
-27.5106,1.59934
-28.7585,1.59049
-29.9577,1.57141
-31.1084,1.53916
-32.2102,1.49218
-33.263,1.43133
-34.2669,1.35915
-35.2214,1.27842
-36.1262,1.19085
-36.9808,1.09706
-37.7855,0.997122
-38.5404,0.891006
-39.2454,0.779135
-39.9007,0.662418
-40.5062,0.541891
-41.0621,0.418499
-41.5682,0.293191
-42.0246,0.167073
-42.4314,0.0414239
-0.0464202,1.49263
-0.105314,1.47491
-0.192204,1.46183
-0.305782,1.42663
-0.460208,1.3933
-0.649565,1.3531
-0.868013,1.32715
-1.11248,1.29667
-1.38558,1.27945
-1.68556,1.26232
-2.01412,1.26023
-2.37066,1.26646
-2.75555,1.28707
-3.16979,1.32122
-3.61286,1.34963
-4.08325,1.3714
-4.58074,1.38391
-5.10542,1.38533
-5.65725,1.37414
-6.23742,1.34872
-6.84754,1.30755
-7.48553,1.27571
-8.15053,1.25405
-8.84434,1.24457
-9.57314,1.22033
-10.3378,1.20467
-11.1295,1.20244
-11.948,1.21421
-12.7931,1.24052
-13.6657,1.28219
-14.5657,1.30914
-15.4934,1.31995
-16.451,1.3143
-17.4363,1.32545
-18.4473,1.35591
-19.4861,1.40689
-20.5544,1.44309
-21.6511,1.4593
-22.7798,1.45326
-23.9388,1.46287
-25.1243,1.45855
-26.3355,1.44137
-27.572,1.41181
-28.7684,1.37344
-29.9153,1.32641
-31.013,1.26964
-32.0614,1.20204
-33.0606,1.12351
-34.0103,1.03503
-34.9106,0.938211
-35.7613,0.834491
-36.562,0.724835
-37.3129,0.609835
-38.0138,0.490015
-38.6647,0.366078
-39.2658,0.238946
-39.8171,0.109617
-40.3187,-0.0209103
-40.7706,-0.151573
-41.173,-0.281172
-41.526,-0.408364
-41.83,-0.531697
-42.0854,-0.649589
-42.2927,-0.760302
-42.4525,-0.861913
-42.5659,-0.952289
-42.6345,-1.02902
-42.6834,-1.08734
-0.0464202,1.49263
-0.105314,1.47491
-0.192204,1.46183
-0.305782,1.42663
-0.460208,1.3933
-0.649565,1.3531
-0.868013,1.32714
-1.11248,1.29667
-1.38558,1.27945
-1.68556,1.26232
-2.01412,1.26023
-2.37066,1.26646
-2.75554,1.28707
-3.16979,1.32122
-3.61286,1.34963
-4.08325,1.3714
-4.58074,1.3839
-5.10542,1.38533
-5.65725,1.37413
-6.23742,1.34871
-6.84754,1.30755
-7.48553,1.27571
-8.15053,1.25405
-8.84434,1.24457
-9.57314,1.22032
-10.3378,1.20468
-11.1295,1.20246
-11.948,1.21425
-12.7931,1.24058
-13.6657,1.28225
-14.5657,1.30922
-15.4934,1.32004
-16.451,1.31441
-17.4363,1.32558
-18.4472,1.35606
-19.486,1.40706
-20.5544,1.44327
-21.6511,1.45951
-22.7797,1.45349
-23.9388,1.46312
-25.1243,1.45882
-26.3354,1.44166
-27.5719,1.41213
-28.7682,1.37378
-29.9151,1.32677
-31.0128,1.27002
-32.0612,1.20245
-33.0603,1.12393
-34.0101,1.03548
-34.9103,0.938678
-35.7609,0.834976
-36.5617,0.725336
-37.3125,0.610351
-38.0134,0.490546
-38.6643,0.366624
-39.2654,0.239506
-39.8167,0.110189
-40.3182,-0.0203257
-40.7701,-0.150977
-41.1724,-0.280564
-41.5254,-0.407746
-41.8294,-0.531068
-42.0848,-0.648951
-42.292,-0.759653
-42.4519,-0.861255
-42.5652,-0.951621
-42.6338,-1.02834
-42.6827,-1.08665
