-0.0543548,1.50717
-0.120605,1.52462
-0.214388,1.53789
-0.341871,1.5684
-0.498085,1.6082
-0.689323,1.65362
-0.909982,1.68488
-1.1568,1.72092
-1.43214,1.74547
-1.73423,1.77032
-2.06496,1.78103
-2.42399,1.78483
-2.81323,1.7745
-3.23842,1.77408
-3.69042,1.78168
-4.1689,1.80033
-4.6738,1.83166
-5.20501,1.87719
-5.76224,1.93817
-6.34507,2.01557
-6.95315,2.11024
-7.58726,2.22344
-8.25205,2.35747
-8.95252,2.48489
-9.68134,2.60435
-10.4392,2.71479
-0.0478426,1.49239
-0.107816,1.48826
-0.194862,1.50401
-0.307905,1.51434
-0.447939,1.54431
-0.614917,1.57205
-0.808677,1.62139
-1.03184,1.67572
-1.29661,1.73762
-1.58966,1.79952
-1.911,1.85645
-2.25991,1.91045
-2.6372,1.95687
-3.04276,1.99625
-3.47706,2.02593
-3.94141,2.04477
-4.44311,2.07526
-4.97083,2.11678
-5.52433,2.1716
-6.10349,2.24156
-6.70825,2.32808
-7.3395,2.43268
-8.00502,2.55017
-8.69929,2.66019
-9.42185,2.76169
-10.1733,2.85354
-0.0478985,1.49238
-0.107928,1.48824
-0.195031,1.50399
-0.30813,1.5143
-0.448221,1.54426
-0.615257,1.57199
-0.809073,1.62132
-1.0323,1.67563
-1.29715,1.73752
-1.59029,1.7994
-1.91171,1.85632
-2.26072,1.9103
-2.6381,1.95669
-3.04374,1.99604
-3.47813,2.02568
-3.94258,2.04448
-4.44428,2.07502
