18.7295,-23.6614
18.7456,-23.5948
18.7571,-23.5008
18.7901,-23.3799
18.8321,-23.2317
18.8963,-23.0572
18.9647,-22.8542
19.0592,-22.6268
19.1771,-22.3749
19.3161,-22.097
19.4806,-21.7895
19.6517,-21.452
19.8253,-21.0948
19.9701,-20.7773
20.0862,-20.4998
20.1733,-20.262
20.2344,-20.0615
20.288,-19.8471
20.3211,-19.6709
20.3451,-19.4621
20.3755,-19.2257
20.3927,-18.9568
20.399,-18.6565
20.3968,-18.3256
20.3803,-17.9645
20.3498,-17.5726
20.3244,-17.1508
20.3048,-16.7015
20.2939,-16.225
20.2936,-15.7216
20.3056,-15.2643
20.3074,-14.8489
20.301,-14.4068
20.2827,-13.9381
20.2544,-13.5168
20.2164,-13.1435
20.1703,-12.818
20.108,-12.4651
20.0499,-12.0833
19.9956,-11.6738
19.9481,-11.2365
19.9088,-10.7712
19.8801,-10.2864
19.8669,-9.84742
19.8667,-9.37809
19.8575,-8.91444
19.841,-8.49929
19.8161,-8.13274
19.778,-7.73993
19.7258,-7.32094
19.6578,-6.87606
19.5728,-6.40569
19.4808,-5.97094
19.3845,-5.58256
19.2855,-5.24035
19.1852,-4.94193
19.0835,-4.68115
18.9798,-4.45226
18.8545,-4.20127
18.7074,-3.92848
18.5353,-3.63551
18.3384,-3.32332
18.1146,-2.99327
17.8632,-2.64617
17.5823,-2.28244
17.2866,-1.8836
17.0228,-1.51259
16.7725,-1.1789
16.5559,-0.870292
16.3531,-0.59977
16.1707,-0.370359
16.0048,-0.183353
15.8132,0.0213151
15.5926,0.237437
15.3461,0.467669
15.0689,0.707163
14.7627,0.956996
14.4256,1.21453
14.058,1.4787
13.7196,1.70478
13.409,1.89456
13.1165,2.05706
12.8433,2.19363
12.5391,2.33235
12.2054,2.47241
11.9063,2.58218
11.6098,2.67593
11.3437,2.74602
11.0641,2.8055
10.824,2.84379
10.5682,2.86887
10.3525,2.87986
10.0943,2.89677
9.80701,2.90987
9.48777,2.90881
9.12911,2.91652
8.74731,2.93101
8.4047,2.95072
8.10683,2.95769
7.77754,2.95644
7.42081,2.96326
7.0375,2.98071
6.6954,3.00733
6.40053,3.02334
6.1534,3.02959
5.95304,3.02336
5.77798,3.01066
5.59997,2.98033
5.46137,2.9544
5.29057,2.92243
5.09119,2.9007
4.86526,2.87514
4.61129,2.8647
4.33084,2.85338
4.02245,2.85788
3.68668,2.869
3.32325,2.89591
2.94905,2.93459
2.61581,2.96343
2.33006,2.98257
2.0919,2.98855
1.90159,2.98501
1.75673,2.96615
1.58334,2.94879
1.38181,2.92742
1.15264,2.91354
0.896489,2.90359
0.613157,2.90669
0.303065,2.91374
-0.0341169,2.93729
-0.398307,2.97073
-0.78927,3.02072
-1.20508,3.08597
-1.57556,3.13777
-1.8991,3.17724
-2.17588,3.20077
-2.40562,3.21062
-2.58868,3.20483
-2.80077,3.19423
-3.04137,3.18414
-3.30882,3.19009
-3.60277,3.19731
-3.923,3.21994
-4.26967,3.24998
-4.64384,3.29739
-5.04752,3.35922
-5.47994,3.41735
-5.86591,3.4612
-6.20519,3.49027
-6.49852,3.50399
-6.75415,3.50429
-7.00496,3.49294
-7.21628,3.47101
-7.44067,3.43508
-7.62111,3.39626
-7.83014,3.33517
-8.07074,3.28455
-8.33882,3.22853
-8.63485,3.17523
-8.95876,3.12656
-9.31064,3.08362
-9.69084,3.04835
-10.0995,3.02204
-10.5366,3.00628
-11.002,3.00234
-11.4213,3.0121
-11.7938,3.03505
-12.1207,3.06934
-12.4023,3.09382
-12.6364,3.1088
-12.8991,3.11437
-13.1882,3.13281
-13.5034,3.1578
-13.8443,3.1992
-14.2127,3.25175
-14.6143,3.30105
-15.0436,3.34403
-15.4984,3.379
-15.9061,3.39882
-16.267,3.4038
-16.5812,3.39533
-16.8559,3.37489
-17.1215,3.34294
-17.3489,3.30217
-17.587,3.24701
-17.8669,3.19528
-18.1747,3.14342
-18.5107,3.09902
-18.8741,3.05815
-19.2656,3.02669
-19.6851,3.00354
-20.1328,2.99145
-20.6085,2.99131
-21.0629,3.00436
-21.471,3.03004
-21.8351,3.06746
-22.1528,3.09445
-22.423,3.11146
-22.7204,3.1193
-23.0463,3.11963
-23.4007,3.12758
-23.784,3.1467
-24.2019,3.17737
-24.6473,3.20013
-25.1198,3.21459
-25.6053,3.2181
-26.0429,3.20925
-26.4327,3.1885
-26.7743,3.15729
-27.068,3.11723
-27.3153,3.06988
-27.5353,3.01449
-27.7826,2.94232
-28.0598,2.87059
-28.3654,2.79886
-28.6991,2.73081
-29.0607,2.66607
-29.4509,2.60773
-29.8696,2.55643
-30.3187,2.5142
-30.7997,2.48247
-31.2331,2.44575
-31.6177,2.40597
-31.9532,2.36086
-32.2398,2.31074
-32.4776,2.25665
-32.6683,2.19988
-32.8852,2.12586
-33.1337,2.03588
-33.4119,1.94257
-33.7188,1.84966
-34.0536,1.75644
-34.4186,1.6665
-34.8174,1.57963
-35.2409,1.4779
-35.6877,1.36115
-36.0851,1.2462
-36.4333,1.13332
-36.7323,1.02321
-36.9829,0.917273
-37.2564,0.78957
-37.5627,0.65763
-37.9008,0.520676
-38.2661,0.360884
-38.6518,0.180557
-39.0571,-0.0220025
-39.4813,-0.247963
-39.8732,-0.471356
-40.2179,-0.683337
-40.5159,-0.882474
-40.7689,-1.06768
-41.0377,-1.27899
-41.322,-1.51653
-41.5873,-1.75589
-41.8122,-1.97794
-42.0154,-2.19808
-42.1853,-2.40202
-42.3428,-2.61258
-42.4662,-2.79875
-42.5826,-3.0021
-42.6699,-3.17246
-42.7573,-3.37832
-42.8529,-3.6138
-42.9464,-3.88459
-43.0421,-4.18739
-43.1149,-4.47397
-43.1834,-4.79347
-43.2469,-5.14488
-43.2896,-5.46774
-43.3188,-5.79916
-43.33,-6.09021
-43.3272,-6.39281
-43.3117,-6.6528
-43.2802,-6.92554
-43.2423,-7.15428
-43.1856,-7.39438
-43.1287,-7.5905
-43.0506,-7.79798
-42.977,-7.96212
-42.8811,-8.13589
-42.7967,-8.26845
-42.6953,-8.43188
-42.5755,-8.6183
-42.4261,-8.82262
-42.2567,-9.04905
-42.0658,-9.27593
-41.8461,-9.51861
-41.597,-9.77588
-41.3176,-10.0457
-41.0075,-10.3266
-40.6792,-10.6049
-40.3766,-10.8423
-40.1006,-11.0395
-39.8487,-11.2019
-39.6012,-11.3459
-39.3231,-11.4949
-39.0139,-11.6478
-38.6729,-11.8025
-38.3001,-11.9578
-37.9015,-12.1091
-37.5411,-12.2308
-37.2192,-12.3234
-36.9322,-12.3911
-36.6574,-12.4423
-36.352,-12.4882
-36.0144,-12.5274
-35.6372,-12.5766
-35.2323,-12.6379
-34.8023,-12.7125
-34.3477,-12.8021
-33.8689,-12.9086
-33.3649,-13.0339
-32.905,-13.1388
-32.4904,-13.2247
-32.1208,-13.2904
-31.7961,-13.3359
-31.5167,-13.3623
-31.2084,-13.3805
-30.8712,-13.39
-30.505,-13.388
-30.1107,-13.3738
-29.6864,-13.345
-29.2332,-13.3227
-28.7528,-13.3073
-28.2455,-13.3015
-27.7114,-13.3072
-27.2254,-13.3247
-26.7876,-13.3534
-26.3979,-13.3922
-25.9807,-13.4467
-25.5349,-13.5177
-25.1346,-13.574
-24.7053,-13.6267
-24.2494,-13.6936
-23.764,-13.7764
-23.2512,-13.8529
-22.7848,-13.9124
-22.3648,-13.9549
-21.9911,-13.9804
-21.6639,-13.9899
-21.3835,-13.985
-21.0748,-13.9685
-20.7368,-13.9398
-20.3682,-13.8955
-19.9603,-13.8565
-19.5247,-13.8227
-19.0617,-13.7971
-18.5714,-13.7811
-18.0536,-13.7766
-17.5084,-13.7848
-17.0112,-13.805
-16.5622,-13.8366
-16.0869,-13.8836
-15.5856,-13.9459
-15.0804,-14.022
-14.5501,-14.1156
-13.9953,-14.2275
-13.4164,-14.3581
-12.887,-14.4908
-12.4074,-14.6246
-11.9775,-14.7582
-11.5971,-14.8898
-11.1949,-15.0423
-10.7712,-15.2159
-10.3949,-15.3843
-11.152,-45.7209
-11.0908,-45.7153
-11.0053,-45.6949
-10.8871,-45.6854
-10.741,-45.6726
-10.5626,-45.6728
-10.356,-45.6672
-10.1177,-45.6778
-9.84854,-45.7022
-9.62237,-45.7355
-9.36477,-45.7705
-9.07823,-45.7968
-8.76435,-45.8221
-8.423,-45.8362
-8.05472,-45.8449
-7.6591,-45.841
-7.28934,-45.8264
-6.94438,-45.7994
-6.62607,-45.7619
-6.32125,-45.7127
-6.04831,-45.6557
-5.76936,-45.5842
-5.53383,-45.5107
-5.28288,-45.4176
-5.0758,-45.3297
-4.85184,-45.2169
-4.66897,-45.1139
-4.46784,-44.9821
-4.30617,-44.8628
-4.13346,-44.717
-3.92087,-44.554
-3.68387,-44.3749
-3.41934,-44.1874
-3.12872,-43.9906
-2.80973,-43.7881
-2.46253,-43.5798
-2.08571,-43.3677
-1.67886,-43.1528
-1.28353,-42.9586
-0.924591,-42.7975
-0.603071,-42.6682
-0.320129,-42.569
-0.0766465,-42.4983
0.197344,-42.4297
0.501875,-42.3636
0.837742,-42.3033
1.20453,-42.2493
1.60229,-42.204
2.0319,-42.1685
2.48364,-42.1233
2.88678,-42.0756
3.24086,-42.0248
3.62001,-41.959
4.02387,-41.8777
4.37913,-41.7933
4.75978,-41.6894
5.16963,-41.5872
5.60745,-41.4866
6.07366,-41.3904
6.56865,-41.3001
7.02538,-41.2297
7.43542,-41.1581
7.79658,-41.0871
8.10849,-41.0147
8.37173,-40.9419
8.65875,-40.8512
8.96954,-40.7429
9.30291,-40.6135
9.65999,-40.4623
10.0463,-40.3074
10.4606,-40.1499
10.9035,-39.9926
11.3763,-39.8369
11.8101,-39.7073
12.196,-39.5839
12.5336,-39.4678
12.8221,-39.3572
13.0621,-39.2531
13.2558,-39.1552
13.4233,-39.0578
13.6107,-38.9366
13.8201,-38.7962
14.046,-38.6259
14.2916,-38.4327
14.5517,-38.2087
14.827,-37.9566
15.1152,-37.674
15.4161,-37.3598
15.749,-37.0256
16.0563,-36.729
16.3397,-36.4693
16.6012,-36.2463
16.8263,-36.0444
17.0661,-35.8191
17.3176,-35.5673
17.5297,-35.3406
17.7119,-35.1266
17.9052,-34.8855
18.1066,-34.6147
18.3165,-34.3145
18.5322,-33.9834
18.7251,-33.6627
18.8856,-33.3673
19.0253,-33.0814
19.1379,-32.8195
19.2511,-32.5262
19.3651,-32.202
19.4765,-31.8456
19.5848,-31.4577
19.6878,-31.0386
19.7662,-30.6601
19.8217,-30.3179
19.8592,-29.9995
19.8798,-29.7093
19.8905,-29.3879
19.8911,-29.033
19.8991,-28.6492
19.9155,-28.2383
19.9405,-27.85
19.9775,-27.4356
20.0285,-26.9952
20.0947,-26.5291
20.1781,-26.0363
20.2464,-25.5788
20.2996,-25.168
20.3363,-24.8037
20.3563,-24.4858
20.3668,-24.1398
20.3672,-23.7655
20.3552,-23.3631
20.3304,-22.9639
20.2902,-22.536
20.2562,-22.0793
20.2287,-21.5953
20.2103,-21.084
20.2033,-20.5554
20.2092,-20.0745
20.2275,-19.6414
20.2605,-19.1802
20.2858,-18.691
20.2996,-18.2497
20.3017,-17.8562
20.2918,-17.4341
20.291,-16.9845
20.2993,-16.5083
20.3196,-16.004
20.3511,-15.5379
20.3711,-15.1187
20.381,-14.7475
20.3806,-14.3491
20.369,-13.9237
20.3452,-13.5035
20.3111,-13.1312
20.2677,-12.8068
20.2084,-12.4548
20.1532,-12.0739
20.1019,-11.6652
20.0576,-11.2287
20.0217,-10.7645
19.9969,-10.2881
19.9874,-9.85725
19.9681,-9.39551
19.9392,-8.93001
19.9027,-8.5133
19.8586,-8.14538
19.8076,-7.82624
19.7409,-7.48152
19.6579,-7.11135
19.5563,-6.71613
19.4351,-6.29592
19.2925,-5.85125
19.1506,-5.45401
19.0093,-5.10332
18.8895,-4.78884
18.7926,-4.51696
18.6966,-4.21484
18.5823,-3.89049
18.4517,-3.54365
18.3007,-3.17578
18.1295,-2.78693
17.9358,-2.37794
17.719,-1.94957
17.5116,-1.5689
17.3142,-1.23547
17.1271,-0.945984
16.9474,-0.692183
16.7744,-0.470767
16.6079,-0.279359
16.4472,-0.114927
16.2925,0.0239969
16.1095,0.17637
15.8975,0.341501
15.6539,0.516281
15.3795,0.700597
15.0721,0.890861
14.7325,1.08634
14.3602,1.2848
13.9556,1.48482
13.5258,1.68141
13.1303,1.84626
12.7662,1.98232
12.377,2.13623
11.9741,2.28226
11.6126,2.40147
11.292,2.49371
11.0112,2.56125
10.7476,2.61124
10.5025,2.64554
10.2795,2.68042
10.0299,2.7293
9.75202,2.77257
9.44622,2.81258
9.11136,2.84326
8.76104,2.86588
8.45611,2.8708
8.19304,2.86133
7.94214,2.83833
7.66164,2.82239
7.35354,2.81116
7.01848,2.81004
6.65784,2.81676
6.34505,2.83474
6.07857,2.8617
5.85587,2.89856
5.67361,2.92314
5.53704,2.94153
5.37222,2.94332
5.18141,2.94992
4.96256,2.93987
4.71866,2.93063
4.517,2.90385
4.28636,2.86685
4.02644,2.83001
3.73814,2.80256
3.42289,2.77584
3.07999,2.76113
2.71466,2.75216
2.39661,2.75836
2.12564,2.77519
1.9001,2.80436
1.70947,2.82915
1.48763,2.85472
1.23936,2.88277
0.966011,2.93153
0.666426,2.98996
0.34063,3.0697
-0.0148221,3.14526
-0.397923,3.22047
-0.779957,3.28467
-1.11632,3.33096
-1.40791,3.35885
-1.66393,3.37143
-1.9163,3.37176
-2.12939,3.35979
-2.35651,3.33363
-2.53963,3.30373
-2.75248,3.25271
-2.99633,3.21143
-3.26806,3.16635
-3.56791,3.12776
-3.89501,3.09219
-4.2501,3.06625
-4.63286,3.04729
-5.04372,3.03967
-5.48249,3.04339
-5.94898,3.06034
-6.36944,3.0892
-6.74647,3.12999
-7.07714,3.16009
-7.36033,3.17977
-7.59601,3.18579
-7.86026,3.18502
-8.15174,3.19033
-8.46955,3.20772
-8.81361,3.23357
-9.18399,3.27422
-9.58216,3.32828
-10.0087,3.37767
-10.4621,3.4211
-10.8685,3.44955
-11.2278,3.46322
-11.5405,3.46274
-11.8106,3.44965
-12.0711,3.42492
-12.2941,3.3908
-12.5276,3.34268
-12.7183,3.29134
-12.942,3.22088
-13.197,3.1596
-13.4791,3.09259
-13.7893,3.02839
-14.1274,2.96768
-14.4939,2.9128
-14.889,2.86473
-15.3129,2.82532
-15.7656,2.7958
-16.2438,2.77772
-16.6752,2.77472
-17.0595,2.78607
-17.3962,2.80972
-17.6861,2.84381
-18.0028,2.8926
-18.3462,2.95626
-18.717,3.03819
-19.1266,3.11861
-19.5642,3.19644
-20.0298,3.26885
-20.4507,3.3231
-20.8276,3.35945
-21.1638,3.37919
-21.4698,3.38445
-21.7488,3.37647
-22.0045,3.35618
-22.2378,3.32464
-22.4533,3.28219
-22.6965,3.22523
-22.9682,3.15117
-23.2707,3.07712
-23.6017,3.00342
-23.9609,2.93301
-24.3481,2.8667
-24.7636,2.8067
-25.2076,2.75431
-25.6804,2.71105
-26.1483,2.6812
-26.5697,2.66763
-26.9443,2.66929
-27.2731,2.68446
-27.5631,2.70521
-27.8811,2.7202
-28.2261,2.7272
-28.598,2.7253
-28.9968,2.71237
-29.4224,2.68712
-29.8748,2.64796
-30.3536,2.59364
-30.7971,2.53009
-31.1941,2.45935
-31.5448,2.38301
-31.8507,2.30271
-32.1163,2.2191
-32.3477,2.13225
-32.548,2.04234
-32.7741,1.93049
-33.0302,1.81411
-33.3141,1.69224
-33.6266,1.56947
-33.9669,1.44454
-34.3364,1.32121
-34.7352,1.19954
-35.1639,1.08165
-35.6239,0.968609
-36.0445,0.879408
-36.4175,0.793786
-36.742,0.712365
-37.0172,0.632447
-37.3171,0.53525
-37.641,0.418313
-37.9879,0.281259
-38.3564,0.122373
-38.746,-0.0592482
-39.1555,-0.264737
-39.5841,-0.494854
-39.9654,-0.714942
-40.299,-0.923872
-40.5856,-1.11974
-40.8272,-1.30107
-41.0843,-1.50871
-41.3568,-1.74267
-41.6147,-1.98192
-41.831,-2.20207
-42.0221,-2.41703
-42.1843,-2.61925
-42.3296,-2.82323
-42.4443,-3.00576
-42.5516,-3.20547
-42.6717,-3.43176
-42.7919,-3.6933
-42.915,-3.98742
-43.0288,-4.29413
-43.1124,-4.56527
-43.1926,-4.86924
-43.2671,-5.19337
-43.3165,-5.48168
-43.3556,-5.78749
-43.3753,-6.05395
-43.3825,-6.34095
-43.3762,-6.58586
-43.3537,-6.85081
-43.324,-7.07219
-43.2751,-7.31114
-43.2236,-7.5063
-43.1511,-7.7161
-43.0825,-7.8829
-42.9911,-8.06442
-42.9073,-8.20332
-42.8085,-8.37154
-42.6969,-8.56519
-42.5552,-8.77691
-42.3878,-9.00798
-42.2174,-9.22056
-42.0383,-9.41989
-41.8318,-9.6358
-41.5946,-9.86512
-41.3276,-10.1075
-41.029,-10.3602
-40.6991,-10.6217
-40.3947,-10.8443
-40.1121,-11.0317
-39.8435,-11.1926
-39.5925,-11.327
-39.3102,-11.4648
-38.9971,-11.6059
-38.6518,-11.7473
-38.2747,-11.8882
-37.866,-12.0266
-37.4958,-12.1369
-37.1627,-12.2204
-36.8574,-12.282
-36.5178,-12.3381
-36.1441,-12.3877
-35.7418,-12.4491
-35.3137,-12.5226
-34.8611,-12.6105
-34.3843,-12.7145
-33.8831,-12.8365
-33.361,-12.9773
-32.8824,-13.0966
-32.4488,-13.1957
-32.0597,-13.2736
-31.715,-13.33
-31.4152,-13.3663
-31.0863,-13.3947
-30.7283,-13.4148
-30.3413,-13.424
-29.924,-13.4212
-29.4784,-13.4265
-29.006,-13.4404
-28.5073,-13.4656
-27.9826,-13.5038
-27.505,-13.5513
-27.0685,-13.5854
-26.6795,-13.6075
-26.338,-13.6159
-25.9683,-13.6136
-25.5701,-13.5998
-25.1456,-13.5724
-24.6914,-13.5297
-24.2086,-13.4934
-23.6985,-13.464
-23.1612,-13.4439
-22.6095,-13.4356
-22.1055,-13.4405
-21.6494,-13.4579
-21.2416,-13.4866
-20.8073,-13.5301
-20.3453,-13.589
-19.8485,-13.6418
-19.3267,-13.7109
-18.7799,-13.7955
-18.2084,-13.8969
-17.6863,-14.0022
-17.2138,-14.1109
-16.7907,-14.2217
-16.4155,-14.3338
-16.007,-14.446
-15.5705,-14.5563
-15.178,-14.6446
-14.7552,-14.7275
-14.3075,-14.8253
-13.8358,-14.9378
-13.3407,-15.0675
-16.7859,-44.3368
-16.7221,-44.3773
-16.6302,-44.4292
-16.5133,-44.5012
-16.3647,-44.5723
-16.1947,-44.659
-15.9919,-44.7425
-15.7645,-44.8377
-15.504,-44.9278
-15.2131,-45.0186
-14.8904,-45.106
-14.5366,-45.1907
-14.151,-45.2691
-13.7333,-45.3406
-13.3553,-45.3903
-12.9437,-45.4293
-12.5026,-45.4585
-12.0321,-45.476
-11.5692,-45.4795
-11.1528,-45.4686
-10.7816,-45.4444
-10.4526,-45.4087
-10.1634,-45.3824
-9.90473,-45.3648
-9.61731,-45.3562
-9.30366,-45.3354
-8.96386,-45.3061
-8.59837,-45.2619
-8.20704,-45.2049
-7.79025,-45.1315
-7.34827,-45.0411
-6.88178,-44.9324
-6.4627,-44.8211
-6.08827,-44.7071
-5.7491,-44.5896
-5.43835,-44.4676
-5.15235,-44.362
-4.90123,-44.2756
-4.67729,-44.2091
-4.48125,-44.1589
-4.25497,-44.1152
-4.00193,-44.0666
-3.71766,-44.0296
-3.40246,-43.9975
-3.05859,-43.9562
-2.68894,-43.9025
-2.29421,-43.8363
-1.92953,-43.7643
-1.60963,-43.6896
-1.31983,-43.6094
-1.05682,-43.5241
-0.81286,-43.4316
-0.59574,-43.3361
-0.389821,-43.2308
-0.212713,-43.1272
-0.026316,-43.0013
0.185562,-42.8577
0.434703,-42.6933
0.710666,-42.519
1.01452,-42.3388
1.34575,-42.1525
1.70585,-41.9628
2.09522,-41.7705
2.51465,-41.577
2.92764,-41.4006
3.30243,-41.2551
3.70787,-41.112
4.14343,-40.9713
4.53826,-40.8578
4.96366,-40.7499
5.41916,-40.6473
5.90477,-40.5517
6.42022,-40.464
6.93546,-40.3901
7.40548,-40.3361
7.82966,-40.3012
8.20754,-40.2834
8.61505,-40.277
9.04606,-40.261
9.42855,-40.2391
9.83712,-40.2057
10.2717,-40.1589
10.732,-40.0971
11.215,-40.0195
11.6491,-39.9366
12.034,-39.8492
12.3699,-39.7591
12.6572,-39.6683
12.8983,-39.5777
13.1102,-39.4841
13.2951,-39.3881
13.4555,-39.2894
13.6378,-39.1688
13.8406,-39.0231
14.0635,-38.8523
14.3037,-38.6523
14.5609,-38.4244
14.832,-38.1658
15.116,-37.8769
15.4118,-37.5559
15.7194,-37.2002
16.0038,-36.8826
16.2608,-36.6049
16.4922,-36.3687
16.699,-36.1739
16.9341,-35.9669
17.184,-35.7351
17.4467,-35.4805
17.6678,-35.2524
17.8482,-35.0514
18.0389,-34.8228
18.2402,-34.5669
18.4491,-34.2812
18.6658,-33.9661
18.8476,-33.6767
19.0082,-33.3945
19.1404,-33.1351
19.2592,-32.8719
19.3809,-32.5781
19.5022,-32.2523
19.6229,-31.8948
19.7403,-31.5054
19.8502,-31.0943
19.9343,-30.7241
19.9938,-30.3939
20.0344,-30.0899
20.0592,-29.8042
20.0751,-29.4886
20.0815,-29.1433
20.0756,-28.7669
20.056,-28.3584
20.0439,-27.9359
20.0385,-27.4862
20.043,-27.0098
20.0592,-26.5066
20.0887,-25.9768
20.1281,-25.4947
20.177,-25.0606
20.2344,-24.6732
20.2874,-24.2563
20.3347,-23.8118
20.3677,-23.403
20.3856,-23.0389
20.3927,-22.6454
20.4097,-22.2247
20.4365,-21.7776
20.4762,-21.303
20.5301,-20.8106
20.5697,-20.3648
20.5969,-19.9664
20.6101,-19.6154
20.6129,-19.2367
20.6046,-18.8305
20.5833,-18.3971
20.5513,-18.0111
20.5029,-17.5969
20.4606,-17.154
20.4241,-16.6837
20.3962,-16.186
20.3788,-15.6611
20.3755,-15.1822
20.3632,-14.7419
20.3417,-14.2751
20.3077,-13.7878
20.265,-13.3491
20.2141,-12.9592
20.1467,-12.5423
20.0842,-12.0966
20.0268,-11.6234
19.977,-11.1223
19.9368,-10.5967
19.9127,-10.1173
19.9045,-9.6829
19.8859,-9.21517
19.8599,-8.79274
19.8265,-8.41833
19.7853,-8.092
19.7295,-7.73981
19.6582,-7.36189
19.5696,-6.95866
19.4624,-6.53055
19.3355,-6.07818
19.2071,-5.67126
19.0779,-5.30999
18.9484,-4.9912
18.8406,-4.71167
18.7534,-4.47036
18.6673,-4.19883
18.5619,-3.90554
18.4417,-3.58928
18.2999,-3.25311
18.1392,-2.8955
17.9554,-2.518
17.7486,-2.12086
17.5185,-1.70722
17.2997,-1.34125
17.093,-1.02296
16.9002,-0.751244
16.7219,-0.523382
16.552,-0.327872
16.3881,-0.159058
16.232,-0.0181245
16.0481,0.136479
15.8346,0.303035
15.5907,0.480215
15.3151,0.665747
15.0074,0.858217
14.6673,1.05549
14.2947,1.25602
13.8898,1.45822
13.4655,1.65393
13.0746,1.818
12.7227,1.97299
12.3478,2.14635
11.9959,2.2987
11.6825,2.42396
11.4024,2.52344
11.139,2.60496
10.8981,2.66642
10.6621,2.71474
10.4524,2.74359
10.229,2.7637
9.97205,2.79687
9.68602,2.82339
9.37075,2.84256
9.02565,2.85149
8.67398,2.84804
8.36465,2.82963
8.09012,2.81767
7.78827,2.81198
7.45963,2.81596
7.10438,2.82914
6.73464,2.85442
6.41169,2.8885
6.13004,2.91252
5.89583,2.92561
5.70919,2.92666
5.5678,2.91795
5.39704,2.89593
5.1952,2.89135
4.96457,2.88476
4.70223,2.8908
4.47515,2.90104
4.21877,2.91126
3.93591,2.92427
3.62666,2.9553
3.28925,2.99484
2.98396,3.02744
2.72051,3.04743
2.49323,3.05683
2.27834,3.05371
2.09972,3.04417
1.90507,3.01641
1.75581,2.99202
1.57359,2.94934
1.36157,2.91377
1.12204,2.87495
0.854001,2.84923
0.559583,2.82171
0.23698,2.80728
-0.112916,2.79739
-0.490924,2.80147
-0.896666,2.81622
-1.32987,2.84531
-1.71554,2.88458
-2.05457,2.93399
-2.35599,2.97174
-2.61032,2.99789
-2.89368,3.01596
-3.20285,3.04717
-3.53798,3.08752
-3.89973,3.14429
-4.29766,3.19419
-4.72303,3.23928
-5.17623,3.27588
-5.59917,3.29836
-5.98008,3.30593
-6.32432,3.29985
-6.6381,3.28143
-6.92398,3.25163
-7.18897,3.21073
-7.43257,3.15944
-7.65807,3.11649
-7.91167,3.07611
-8.19309,3.04132
-8.50196,3.01107
-8.8388,2.98974
-9.20347,2.97616
-9.59629,2.97404
-10.0171,2.98352
-10.4656,3.00659
-10.9411,3.04429
-11.3701,3.09213
-11.7528,3.12861
-12.088,3.15387
-12.3759,3.165
-12.6163,3.16395
-12.8857,3.15148
-13.1828,3.14885
-13.5069,3.1512
-13.8575,3.16636
-14.2344,3.19057
-14.6378,3.2292
-15.069,3.28213
-15.5282,3.32948
-15.9403,3.36346
-16.3052,3.3836
-16.6228,3.38943
-16.8936,3.38223
-17.1264,3.36321
-17.3616,3.33317
-17.5552,3.29437
-17.7776,3.24003
-18.0303,3.19003
-18.311,3.13852
-18.6203,3.09555
-18.9564,3.05335
-19.321,3.02178
-19.7133,2.9964
-20.1339,2.98233
-20.5826,2.97932
-21.058,2.98921
-21.4872,3.01173
-21.8713,3.04647
-22.2087,3.0712
-22.4986,3.08612
-22.8156,3.09171
-23.1611,3.08863
-23.5341,3.09351
-23.9354,3.10849
-24.3664,3.13574
-24.825,3.15451
-25.3105,3.16469
-25.7522,3.1628
-26.1485,3.14901
-26.5003,3.12407
-26.8112,3.08915
-27.0893,3.04491
-27.3369,2.99231
-27.5593,2.93132
-27.8115,2.85265
-28.0938,2.77379
-28.4043,2.69424
-28.7432,2.61779
-29.1101,2.54416
-29.5055,2.4763
-29.9297,2.41497
-30.3829,2.36198
-30.8661,2.31875
-31.3084,2.26977
-31.7018,2.21861
-32.0459,2.16324
-32.341,2.1039
-32.5871,2.04178
-32.8593,1.96215
-33.1659,1.8833
-33.5017,1.8045
-33.8687,1.72998
-34.2679,1.63661
-34.691,1.52812
-35.1372,1.40166
-35.6014,1.25746
-36.0164,1.11532
-36.3821,0.975899
-36.6987,0.84094
-36.9668,0.712195
-37.2565,0.560057
-37.5753,0.402946
-37.9214,0.240485
-38.2975,0.0758156
-38.6937,-0.10947
-39.1099,-0.314919
-39.5451,-0.542691
-39.933,-0.759455
-40.2733,-0.964491
-40.5666,-1.15647
-40.8764,-1.37383
-41.1991,-1.61451
-41.4764,-1.83824
-41.7099,-2.04526
-41.9152,-2.24498
-42.0962,-2.43954
-42.2522,-2.62674
-42.3895,-2.81241
-42.5017,-2.9864
-42.6037,-3.16972
-42.7168,-3.38135
-42.8318,-3.62813
-42.9541,-3.90545
-43.0734,-4.21422
-43.1627,-4.48753
-43.2482,-4.79426
-43.3206,-5.09724
-43.3752,-5.39533
-43.4132,-5.67746
-43.4381,-5.96823
-43.4462,-6.2234
-43.441,-6.5026
-43.4247,-6.73924
-43.391,-6.9964
-43.3516,-7.20992
-43.2923,-7.4404
-43.2327,-7.6273
-43.151,-7.82857
-43.0749,-7.98718
-42.9786,-8.16609
-42.893,-8.30143
-42.7956,-8.44937
-42.6847,-8.62235
-42.5428,-8.81213
-42.3751,-9.02096
-42.1799,-9.24659
-41.9954,-9.43686
-41.7799,-9.64039
-41.5361,-9.85849
-41.2598,-10.0865
-40.9523,-10.3242
-40.6128,-10.5694
-40.2892,-10.7851
-39.9893,-10.9666
-39.7088,-11.1192
-39.4463,-11.2463
-39.1526,-11.3756
-38.8278,-11.5066
-38.471,-11.6366
-38.0824,-11.7648
-37.6616,-11.8892
-37.2785,-11.9873
-36.929,-12.0677
-36.6258,-12.1426
-36.2985,-12.2318
-35.9469,-12.3389
-35.5694,-12.4652
-35.1723,-12.5886
-34.747,-12.7112
-34.2929,-12.8307
-33.8097,-12.9455
-33.3294,-13.0468
-32.893,-13.1256
-32.5007,-13.1829
-32.153,-13.2203
-31.8475,-13.2398
-31.5672,-13.2444
-31.2479,-13.2593
-30.9012,-13.284
-30.5263,-13.3208
-30.1159,-13.3555
-29.6764,-13.3826
-29.211,-13.4221
-28.7197,-13.474
-28.2017,-13.5411
-27.7272,-13.5921
-27.2998,-13.6291
-26.9195,-13.6511
-26.5861,-13.6581
-26.2247,-13.6541
-25.8345,-13.6383
-25.4143,-13.6082
-24.963,-13.5623
-24.4828,-13.5224
-23.9753,-13.4889
-23.4404,-13.4645
-22.8781,-13.4511
-22.3633,-13.4512
-21.8964,-13.4644
-21.4777,-13.4893
-21.0323,-13.5287
-20.5593,-13.5834
-20.1232,-13.6477
-19.6572,-13.7078
-19.1665,-13.7843
-18.651,-13.8765
-18.1112,-13.9859
-17.6208,-14.0982
-17.1797,-14.2128
-16.7867,-14.3289
-16.4342,-14.4252
-16.054,-14.5208
-15.6451,-14.6121
-15.2421,-14.6906
-14.8085,-14.7623
-14.3494,-14.8478
-13.8657,-14.9473
-13.3582,-15.063
-29.7076,-26.007
-29.7667,-25.9899
-29.8537,-25.9777
-29.9672,-25.9434
-30.1079,-25.902
-30.274,-25.8366
-30.469,-25.7662
-30.6984,-25.6743
-30.957,-25.5768
-31.2449,-25.4804
-31.56,-25.3805
-31.9042,-25.2847
-32.2764,-25.1896
-32.6783,-25.1
-33.0846,-25.0214
-33.4474,-24.9647
-33.7685,-24.9285
-34.0606,-24.9087
-34.3305,-24.9036
-34.5745,-24.9123
-34.8035,-24.9336
-35.004,-24.9658
-35.2034,-25.0114
-35.3633,-25.0599
-35.5376,-25.1289
-35.7411,-25.2038
-35.9693,-25.3055
-36.2215,-25.4332
-36.4983,-25.5818
-36.7962,-25.7585
-37.1144,-25.9616
-37.4508,-26.1928
-37.8038,-26.4521
-38.172,-26.7401
-38.4961,-27.0118
-38.7751,-27.2651
-39.01,-27.4979
-39.2029,-27.7084
-39.3569,-27.8974
-39.5223,-28.1164
-39.7118,-28.3529
-39.9239,-28.6062
-40.1609,-28.8736
-40.4237,-29.1557
-40.7161,-29.4521
-41.0207,-29.7746
-41.3262,-30.1112
-41.5914,-30.4193
-41.8164,-30.6988
-42.0062,-30.9544
-42.1826,-31.212
-42.327,-31.4457
-42.4675,-31.6964
-42.5759,-31.9154
-42.6782,-32.1542
-42.7542,-32.3574
-42.8225,-32.5871
-42.8698,-32.7781
-42.9067,-32.9965
-42.9249,-33.1758
-42.9302,-33.3813
-42.9263,-33.5451
-42.9236,-33.7511
-42.9058,-33.9122
-42.8753,-34.0407
-42.8523,-34.2077
-42.8152,-34.328
-42.7872,-34.4879
-42.7364,-34.6736
-42.6697,-34.8859
-42.586,-35.1247
-42.4815,-35.3889
-42.3567,-35.6781
-42.2075,-35.9905
-42.0368,-36.3194
-41.8724,-36.6023
-41.703,-36.8625
-41.5343,-37.0969
-41.3582,-37.317
-41.1918,-37.5032
-41.0076,-37.6881
-40.8448,-37.8344
-40.6621,-37.9762
-40.4546,-38.1347
-40.2122,-38.2994
-39.938,-38.4724
-39.631,-38.6513
-39.2951,-38.8319
-38.9911,-38.9779
-38.7097,-39.0953
-38.3965,-39.213
-38.0516,-39.3301
-37.6747,-39.4444
-37.2654,-39.5547
-36.8234,-39.6593
-36.4172,-39.7592
-35.9827,-39.8739
-35.5252,-40.0055
-35.045,-40.1556
-34.5462,-40.3247
-34.0953,-40.4912
-33.6864,-40.6338
-33.3205,-40.7529
-32.9258,-40.8699
-32.5017,-40.9837
-32.0534,-41.0913
-31.6482,-41.1753
-31.2118,-41.2517
-30.7497,-41.3421
-30.2633,-41.4465
-29.7871,-41.5598
-29.359,-41.6741
-28.9766,-41.79
-28.6372,-41.8856
-28.3425,-41.9615
-28.0192,-42.0335
-27.6674,-42.1022
-27.2864,-42.1644
-26.9165,-42.2126
-26.5158,-42.2517
-26.0882,-42.3025
-25.6349,-42.3647
-25.1567,-42.441
-24.6558,-42.5328
-24.2041,-42.6281
-23.7284,-42.7419
-23.3019,-42.857
-22.9235,-42.9734
-22.5785,-43.0724
-22.278,-43.1515
-21.9474,-43.2271
-21.5931,-43.3188
-21.215,-43.4253
-20.8142,-43.5499
-20.3909,-43.6933
-19.9457,-43.8573
-19.4791,-44.0429
-19.0612,-44.2231
-18.6918,-44.3975
-18.3695,-44.565
-18.0847,-44.706
-17.8405,-44.82
-17.5674,-44.9355
-17.2665,-45.0541
-16.9354,-45.1711
-16.5748,-45.2879
-16.1862,-45.4002
-15.839,-45.4868
-15.461,-45.5672
-15.0529,-45.6421
-14.6145,-45.709
-14.1474,-45.7668
-13.7253,-45.8053
-13.3482,-45.8252
-12.9425,-45.8334
-12.5085,-45.8301
-12.0466,-45.8133
-11.5605,-45.7823
-11.1223,-45.7409
-10.731,-45.6893
-10.3828,-45.6289
-10.0801,-45.5818
-9.82271,-45.5474
-9.53607,-45.5206
-9.21495,-45.4985
-8.86716,-45.4678
-8.49375,-45.4246
-8.09491,-45.3687
-7.67093,-45.2977
-7.22198,-45.2104
-6.75571,-45.1068
-6.33849,-45.0008
-5.97042,-44.8931
-5.6503,-44.7854
-5.36464,-44.6754
-5.09311,-44.5571
-4.85931,-44.4401
-4.63067,-44.3316
-4.44151,-44.2482
-4.22509,-44.1605
-3.97949,-44.0737
-3.70675,-43.983
-3.40307,-43.8977
-3.071,-43.8113
-2.7078,-43.7322
-2.31318,-43.6575
-1.88697,-43.5678
-1.5093,-43.4806
-1.18074,-43.3954
-0.901404,-43.3113
-0.669911,-43.2295
-0.46569,-43.1442
-0.280907,-43.0551
-0.10662,-42.9559
0.0913603,-42.8396
0.30904,-42.6934
0.558234,-42.5428
0.832686,-42.38
1.13567,-42.2131
1.46577,-42.0402
1.82512,-41.8652
2.21365,-41.6881
2.63232,-41.511
3.02346,-41.3593
3.37633,-41.2372
3.75969,-41.1181
4.1733,-41.0021
4.54638,-40.9115
4.94996,-40.8276
5.38355,-40.7499
5.84715,-40.6803
6.34044,-40.62
6.86196,-40.57
7.33762,-40.5378
7.76819,-40.5228
8.15858,-40.5234
8.57647,-40.5157
8.97862,-40.4998
9.33235,-40.4758
9.71227,-40.4389
10.1183,-40.3882
10.5503,-40.3219
11.0078,-40.2387
11.4365,-40.1474
11.8189,-40.0519
12.1576,-39.953
12.4571,-39.8517
12.7216,-39.7481
12.954,-39.6427
13.1575,-39.5356
13.3336,-39.4277
13.4855,-39.3182
13.6582,-39.1853
13.8497,-39.0254
14.0601,-38.8396
14.2852,-38.6226
14.526,-38.3763
14.7795,-38.0965
15.0588,-37.7997
15.3621,-37.4877
15.6907,-37.1632
15.9935,-36.8792
16.2714,-36.6349
16.5261,-36.4286
16.7427,-36.2453
16.9749,-36.039
17.2197,-35.8068
17.4664,-35.56
17.6707,-35.3378
17.8368,-35.139
18.0124,-34.9115
18.1982,-34.6558
18.3906,-34.369
18.59,-34.0521
18.791,-33.7073
18.9566,-33.3951
19.0884,-33.1139
19.2009,-32.8423
19.3139,-32.5394
19.4266,-32.2052
19.5365,-31.8392
19.6426,-31.4417
19.7429,-31.0141
19.8188,-30.6281
19.8713,-30.2834
19.9044,-29.9718
19.9223,-29.6786
19.9303,-29.3541
19.9283,-28.9949
19.9338,-28.6069
19.9475,-28.1917
19.9693,-27.8155
20.003,-27.4131
20.0504,-26.9846
20.1129,-26.5303
20.1923,-26.0491
20.2784,-25.6121
20.3487,-25.2203
20.4035,-24.8748
20.4403,-24.5754
20.4705,-24.2478
20.4923,-23.8918
20.5043,-23.5074
20.5044,-23.1057
20.491,-22.7507
20.4628,-22.3666
20.4417,-21.9539
20.4271,-21.5139
20.4221,-21.047
20.4282,-20.5539
20.4462,-20.1074
20.476,-19.7055
20.4993,-19.2751
20.5149,-18.8176
20.5185,-18.4012
20.5101,-18.0307
20.4889,-17.6318
20.4756,-17.2049
20.4701,-16.7511
20.4754,-16.27
20.4933,-15.7603
20.5,-15.298
20.4976,-14.884
20.4841,-14.4432
20.4579,-13.9756
20.4218,-13.5556
20.3764,-13.1835
20.3235,-12.859
20.2537,-12.5074
20.1875,-12.1268
20.1243,-11.7183
20.0674,-11.282
20.018,-10.8175
19.9783,-10.3288
19.9551,-9.88509
19.9444,-9.41027
19.9249,-8.94724
19.8992,-8.53286
19.8663,-8.16724
19.8259,-7.85036
19.7709,-7.50763
19.7006,-7.13917
19.6129,-6.74542
19.5068,-6.32686
19.3811,-5.88441
19.2551,-5.49047
19.1294,-5.14518
19.0056,-4.84672
18.8855,-4.58788
18.7873,-4.36674
18.685,-4.1164
18.5647,-3.84456
18.4238,-3.55245
18.2622,-3.24002
18.0772,-2.90851
17.8684,-2.55829
17.6343,-2.1905
17.3741,-1.80602
17.1213,-1.45658
16.8823,-1.15043
16.6577,-0.885147
16.4462,-0.656814
16.2486,-0.454251
16.0835,-0.278558
15.905,-0.0765474
15.7024,0.139671
15.4739,0.368481
15.2192,0.609426
14.9364,0.860892
14.6249,1.12209
14.2839,1.39161
13.9546,1.63486
13.6497,1.84253
13.3588,2.02412
13.0876,2.17766
12.8281,2.3091
12.5378,2.44377
12.2187,2.57917
11.9341,2.68422
11.6447,2.77598
11.3885,2.84336
11.1127,2.90131
10.8768,2.93885
10.6224,2.96299
10.4091,2.97317
10.1637,2.96884
9.88659,2.95908
9.56484,2.95262
9.21499,2.95469
8.83812,2.96457
8.50723,2.98342
8.21727,3.01081
7.9639,3.02801
7.67917,3.03792
7.36525,3.05869
7.01811,3.07031
6.7173,3.07134
6.45456,3.05998
6.2092,3.0393
5.99128,3.00614
5.77073,2.9823
5.5927,2.96223
5.38622,2.95847
5.15355,2.95185
4.89322,2.96162
4.60827,2.97389
4.28912,2.98448
3.94336,3.0052
3.56963,3.03946
3.21469,3.06333
2.90698,3.07748
2.64492,3.07876
2.41439,3.07065
2.19232,3.04958
2.00803,3.02444
1.80488,2.97935
1.57191,2.93015
1.30986,2.87572
1.01965,2.82181
0.701247,2.77398
0.355414,2.72938
-0.0186645,2.69347
-0.420794,2.66504
-0.851296,2.64717
-1.30972,2.64057
-1.72121,2.64785
-2.08526,2.66836
-2.40156,2.69985
-2.66996,2.74036
-2.96497,2.79604
-3.28641,2.8671
-3.63493,2.95729
-4.02081,3.04698
-4.43477,3.13544
-4.87688,3.21963
-5.28605,3.28655
-5.65555,3.33496
-5.99135,3.36636
-6.29977,3.38259
-6.58293,3.38466
-6.84589,3.37378
-7.08771,3.35072
-7.31622,3.31604
-7.52265,3.27124
-7.73189,3.21316
-7.98178,3.1572
-8.26008,3.10014
-8.56691,3.04977
-8.90089,3.00038
-9.2633,2.96031
-9.65356,2.92596
-10.0723,2.90204
-10.5194,2.88848
-10.9946,2.88711
-11.423,2.89911
-11.8039,2.92384
-12.1383,2.95955
-12.4359,2.98495
-12.686,3.00041
-12.9648,3.0066
-13.27,3.0249
-13.6013,3.051
-13.9584,3.09213
-14.3428,3.14575
-14.7569,3.21721
-15.1998,3.28402
-15.6004,3.33629
-15.9564,3.37288
-16.2709,3.39365
-16.5574,3.40078
-16.8201,3.39508
-17.0624,3.37748
-17.287,3.34844
-17.4956,3.30888
-17.6934,3.25805
-17.9217,3.19266
-18.1805,3.12595
-18.4685,3.06171
-18.7843,2.99806
-19.1283,2.94013
-19.5001,2.88639
-19.9006,2.84063
-20.3295,2.80311
-20.7872,2.77579
-21.2584,2.76068
-21.6829,2.7604
-22.06,2.7741
-22.3896,2.79969
-22.6728,2.83554
-22.985,2.88678
-23.3252,2.95357
-23.7037,3.02732
-24.1107,3.09813
-24.5456,3.16466
-25.0085,3.22466
-25.447,3.26985
-25.8411,3.298
-26.1927,3.31015
-26.5079,3.30812
-26.7948,3.29333
-27.0527,3.26696
-27.2894,3.22956
-27.4988,3.18306
-27.7353,3.12022
-28.0002,3.04199
-28.2953,2.96036
-28.6195,2.88083
-28.9715,2.80172
-29.3518,2.72746
-29.7604,2.65795
-30.1979,2.59561
-30.6657,2.54168
-31.0901,2.48407
-31.4663,2.4255
-31.794,2.36378
-32.0743,2.29937
-32.3128,2.23196
-32.5243,2.15968
-32.7611,2.06831
-33.0275,1.97569
-33.3218,1.88014
-33.6448,1.7869
-33.9956,1.694
-34.376,1.60575
-34.7872,1.52188
-35.2235,1.42372
-35.6822,1.31129
-36.0914,1.20007
-36.4514,1.09023
-36.762,0.982374
-37.0239,0.877927
-37.3089,0.75204
-37.6298,0.612857
-37.976,0.448072
-38.3433,0.260894
-38.7295,0.0493206
-39.1342,-0.18715
-39.5561,-0.449345
-39.9316,-0.698415
-40.26,-0.933131
-40.5421,-1.15165
-40.7792,-1.35226
-41.0303,-1.58006
-41.295,-1.83505
-41.5682,-2.11611
-41.7993,-2.37361
-41.9888,-2.60759
-42.1453,-2.82249
-42.2843,-3.03619
-42.392,-3.22634
-42.5041,-3.44876
-42.6253,-3.69979
-42.7459,-3.98535
-42.8689,-4.30178
-42.9606,-4.58342
-43.0493,-4.89765
-43.1275,-5.21838
-43.1817,-5.50832
-43.226,-5.8147
-43.25,-6.08185
-43.2618,-6.36774
-43.2593,-6.61183
-43.2411,-6.8752
-43.2152,-7.09503
-43.1704,-7.33211
-43.1223,-7.52541
-43.0535,-7.73317
-42.9883,-7.89797
-42.9014,-8.07974
-42.8211,-8.21806
-42.7278,-8.38202
-42.6235,-8.57204
-42.4894,-8.78055
-42.3292,-9.00826
-42.1725,-9.20943
-41.9929,-9.41531
-41.7881,-9.63956
-41.5513,-9.87674
-41.285,-10.1275
-40.9873,-10.389
-40.6602,-10.6583
-40.359,-10.8872
-40.0841,-11.0764
-39.8307,-11.2332
-39.5819,-11.3717
-39.3022,-11.5146
-38.9913,-11.661
-38.6483,-11.8085
-38.2735,-11.956
-37.8692,-12.1006
-37.5035,-12.2162
-37.1767,-12.3036
-36.8852,-12.3667
-36.6075,-12.413
-36.2928,-12.461
-35.9411,-12.5098
-35.5616,-12.571
-35.1549,-12.6458
-34.7218,-12.7365
-34.2646,-12.8438
-33.7824,-12.9699
-33.2846,-13.0899
-32.8316,-13.1894
-32.4234,-13.2683
-32.0599,-13.3261
-31.7414,-13.364
-31.4681,-13.3834
-31.166,-13.3938
-30.8349,-13.3951
-30.4743,-13.3839
-30.0835,-13.3594
-29.6576,-13.3219
-29.2027,-13.2901
-28.7205,-13.2648
-28.2112,-13.2487
-27.6749,-13.2436
-27.1864,-13.2512
-26.7459,-13.2711
-26.3536,-13.3019
-25.9348,-13.3475
-25.4885,-13.4087
-25.0829,-13.4557
-24.6486,-13.4983
-24.1887,-13.554
-23.7034,-13.6234
-23.1916,-13.709
-22.7251,-13.7772
-22.3053,-13.8299
-21.9319,-13.8658
-21.6048,-13.885
-21.2496,-13.8944
-20.8663,-13.8934
-20.4548,-13.8798
-20.0142,-13.8523
-19.5451,-13.8316
-19.0488,-13.8185
-18.5257,-13.8155
-17.9755,-13.8244
-17.4403,-13.8456
-16.9534,-13.8779
-16.5151,-13.9201
-16.0509,-13.978
-15.561,-14.0519
-15.0754,-14.1387
-14.5628,-14.2449
-14.0259,-14.3698
-13.4656,-14.5143
-12.9547,-14.6594
-12.4936,-14.8042
-12.0821,-14.9473
-11.72,-15.0869
-11.3367,-15.248
-13.7109,-25.9363
-13.7706,-25.9215
-13.858,-25.9128
-13.9727,-25.8829
-14.115,-25.8471
-14.2835,-25.7884
-14.4804,-25.7259
-14.7021,-25.6378
-14.9484,-25.5264
-15.217,-25.3971
-15.4395,-25.269
-15.6262,-25.1625
-15.8406,-25.0485
-16.0837,-24.9318
-16.3532,-24.8084
-16.6528,-24.6864
-16.9797,-24.5602
-17.3374,-24.4373
-17.7242,-24.3152
-18.0731,-24.2195
-18.4009,-24.1438
-18.7049,-24.0871
-18.9953,-24.0466
-19.2591,-24.023
-19.524,-24.0126
-19.751,-24.0167
-19.9953,-24.0353
-20.1959,-24.0603
-20.4146,-24.1046
-20.6623,-24.158
-20.9391,-24.2338
-21.2474,-24.3078
-21.5843,-24.3834
-21.9496,-24.455
-22.3427,-24.5231
-22.7642,-24.5848
-23.2141,-24.639
-23.6928,-24.6842
-24.1411,-24.7135
-24.5436,-24.7264
-24.8994,-24.7243
-25.2091,-24.7088
-25.4739,-24.6816
-25.7709,-24.6597
-26.0966,-24.6448
-26.4493,-24.6377
-26.829,-24.6405
-27.2357,-24.6544
-27.6694,-24.6813
-28.1299,-24.7223
-28.6167,-24.7788
-29.0552,-24.8429
-29.445,-24.914
-29.7862,-24.9901
-30.0808,-25.0697
-30.3322,-25.1523
-30.5548,-25.2203
-30.8054,-25.2889
-31.0843,-25.3544
-31.3909,-25.4187
-31.7267,-25.4765
-32.0911,-25.5298
-32.4849,-25.5743
-32.9093,-25.6101
-33.3675,-25.6585
-33.8174,-25.7147
-34.2183,-25.7748
-34.57,-25.8392
-34.8728,-25.9072
-35.127,-25.9773
-35.3352,-26.0487
-35.5689,-26.1389
-35.8322,-26.2306
-36.1249,-26.3251
-36.4403,-26.4361
-36.7775,-26.5669
-37.1365,-26.7175
-37.5162,-26.8902
-37.9162,-27.0859
-38.3327,-27.3042
-38.7013,-27.5125
-39.0217,-27.71
-39.2949,-27.8944
-39.5846,-28.1045
-39.8905,-28.3405
-40.2106,-28.6037
-40.4861,-28.848
-40.7174,-29.073
-40.9608,-29.3266
-41.2157,-29.6088
-41.4801,-29.9209
-41.7048,-30.2075
-41.8905,-30.469
-42.0828,-30.7606
-42.2503,-31.0381
-42.4044,-31.3208
-42.5289,-31.5768
-42.6475,-31.8524
-42.7374,-32.0926
-42.816,-32.3472
-42.872,-32.5645
-42.9169,-32.8053
-42.9442,-33.0054
-42.9572,-33.2266
-42.9563,-33.4066
-42.9394,-33.6085
-42.917,-33.7677
-42.8915,-33.9656
-42.8583,-34.1172
-42.8103,-34.2344
-42.7777,-34.3873
-42.7214,-34.5653
-42.6501,-34.7697
-42.5579,-34.9993
-42.4493,-35.2549
-42.3146,-35.5333
-42.158,-35.8352
-41.9747,-36.1576
-41.7741,-36.4836
-41.5837,-36.7635
-41.3974,-37.0097
-41.2066,-37.2397
-41.0265,-37.4338
-40.836,-37.6201
-40.6647,-37.7678
-40.4793,-37.9087
-40.2673,-38.0642
-40.021,-38.2257
-39.7444,-38.3969
-39.4341,-38.572
-39.0958,-38.7486
-38.79,-38.8908
-38.4514,-39.0327
-38.0812,-39.175
-37.679,-39.315
-37.2451,-39.4518
-36.8252,-39.5694
-36.4434,-39.6609
-36.0279,-39.7692
-35.5888,-39.8931
-35.1269,-40.0344
-34.6427,-40.1948
-34.2064,-40.3526
-33.8127,-40.5094
-33.4606,-40.6419
-33.0808,-40.7765
-32.672,-40.9094
-32.235,-41.0396
-31.8401,-41.1445
-31.4874,-41.2244
-31.1035,-41.2985
-30.6941,-41.3869
-30.2603,-41.4891
-29.8029,-41.608
-29.3931,-41.7266
-29.0269,-41.8245
-28.7055,-41.9025
-28.4283,-41.9584
-28.1957,-41.9944
-27.934,-42.0236
-27.6435,-42.0487
-27.3232,-42.0625
-26.9732,-42.0687
-26.5922,-42.0609
-26.1788,-42.0398
-25.7363,-42.0251
-25.2666,-42.0175
-24.7702,-42.0198
-24.254,-42.0338
-23.786,-42.0586
-23.2915,-42.098
-22.8456,-42.1463
-22.4484,-42.2027
-22.1,-42.2657
-21.8004,-42.3333
-21.476,-42.4185
-21.1269,-42.5214
-20.7539,-42.6446
-20.3578,-42.7887
-19.9394,-42.955
-19.4997,-43.1444
-19.0397,-43.3575
-18.6265,-43.5638
-18.2618,-43.7616
-17.9454,-43.9488
-17.6762,-44.1236
-17.4535,-44.2844
-17.213,-44.4719
-16.9448,-44.6695
-16.6506,-44.8775
-16.348,-45.079
-16.0802,-45.2459
-15.846,-45.3777
-15.5831,-45.5146
-15.2903,-45.6547
-14.9671,-45.7971
-14.6128,-45.9398
-14.2764,-46.0608
-13.9695,-46.1556
-13.6797,-46.2307
-13.4157,-46.2849
-13.1207,-46.3339
-12.795,-46.3776
-12.4383,-46.4125
-12.051,-46.4382
-11.6678,-46.4496
-11.3261,-46.4448
-10.9977,-46.4258
-10.7073,-46.3951
-10.4189,-46.3508
-10.1736,-46.2998
-9.92344,-46.2327
-9.71731,-46.1661
-9.50191,-46.0787
-9.25788,-45.9774
-8.97262,-45.8608
-8.65845,-45.741
-8.31621,-45.6193
-7.94559,-45.4979
-7.54623,-45.3782
-7.11757,-45.2619
-6.65869,-45.1502
-6.20435,-45.0533
-5.79802,-44.9588
-5.44043,-44.8682
-5.1322,-44.7792
-4.87308,-44.6927
-4.66285,-44.6092
-4.49723,-44.5299
-4.31893,-44.433
-4.11587,-44.3172
-3.88552,-44.1897
-3.62492,-44.0613
-3.33904,-43.9235
-3.02321,-43.7868
-2.68013,-43.6457
-2.30674,-43.5066
-1.90381,-43.3681
-1.47401,-43.2341
-1.08391,-43.1265
-0.732665,-43.0223
-0.429652,-42.9254
-0.175797,-42.8333
0.10041,-42.7234
0.399318,-42.5923
0.727175,-42.4589
1.08272,-42.3223
1.46698,-42.1863
1.88014,-42.0513
2.32287,-41.9193
2.75059,-41.8048
3.13629,-41.7153
3.48073,-41.6497
3.85736,-41.5685
4.2579,-41.4731
4.60925,-41.3791
4.98511,-41.267
5.38971,-41.1564
5.82238,-41.0474
6.2837,-40.9427
6.77399,-40.8435
7.22165,-40.7656
7.62491,-40.7089
7.9837,-40.6718
8.29898,-40.6529
8.64799,-40.6229
9.0229,-40.5818
9.35498,-40.5359
9.71228,-40.4759
10.0946,-40.4006
10.5018,-40.3083
10.9332,-40.1977
11.3883,-40.0676
11.7947,-39.9375
12.1525,-39.8083
12.4626,-39.6817
12.7285,-39.5585
12.9595,-39.4368
13.1592,-39.3165
13.3302,-39.1973
13.5209,-39.0542
13.7299,-38.885
13.9563,-38.6886
14.1981,-38.4631
14.4548,-38.2066
14.7403,-37.9329
15.0507,-37.6455
15.3871,-37.347
15.7501,-37.0397
16.0872,-36.7705
16.3823,-36.5251
16.6353,-36.3049
16.8448,-36.1081
17.0675,-35.8856
17.3019,-35.6358
17.5181,-35.3881
17.6973,-35.1614
17.8855,-34.9053
18.082,-34.6196
18.2846,-34.3028
18.4922,-33.955
18.688,-33.6003
18.8489,-33.2787
18.9781,-32.9874
19.1079,-32.665
19.2377,-32.3117
19.3653,-31.9269
19.4897,-31.5107
19.607,-31.0705
19.6989,-30.6718
19.766,-30.3153
19.8111,-30.0002
19.8385,-29.7135
19.8574,-29.3969
19.867,-29.0491
19.8867,-28.6641
19.9163,-28.2508
19.9532,-27.8748
19.9825,-27.462
20.0254,-27.0237
20.081,-26.5597
20.1521,-26.0691
20.2296,-25.6248
20.2915,-25.2261
20.3385,-24.8741
20.3685,-24.5684
20.391,-24.2346
20.4043,-23.8727
20.407,-23.4825
20.3974,-23.0701
20.3739,-22.6285
20.3577,-22.1585
20.3493,-21.6615
20.3512,-21.1376
20.3648,-20.6566
20.3897,-20.2229
20.4254,-19.8355
20.4499,-19.4921
20.4686,-19.1216
20.4776,-18.7238
20.4765,-18.2995
20.4632,-17.9228
20.436,-17.5175
20.4164,-17.0841
20.4041,-16.6236
20.4019,-16.1361
20.4118,-15.6218
20.4102,-15.1461
20.4001,-14.719
20.3782,-14.2652
20.343,-13.787
20.2988,-13.3573
20.2462,-12.9763
20.1766,-12.5682
20.1117,-12.1313
20.0513,-11.6667
19.9982,-11.1743
19.9541,-10.6542
19.9264,-10.1805
19.9148,-9.7521
19.916,-9.2891
19.9084,-8.85216
19.894,-8.46351
19.8711,-8.12332
19.8353,-7.75683
19.7858,-7.36412
19.7207,-6.94542
19.6388,-6.50111
19.5393,-6.03351
19.4365,-5.61479
19.3312,-5.24529
19.2257,-4.92484
19.1219,-4.6529
19.0209,-4.42725
18.8987,-4.1795
18.7549,-3.90997
18.5864,-3.62016
18.3934,-3.31087
18.1736,-2.98358
17.9266,-2.63931
17.6506,-2.27851
17.344,-1.90139
17.0541,-1.53041
16.7984,-1.18987
16.5782,-0.87934
16.3936,-0.596952
16.2244,-0.351614
16.077,-0.149461
15.9048,0.0677291
15.7105,0.3016
15.4882,0.548087
15.2408,0.809429
14.9642,1.08188
14.6592,1.36586
14.3587,1.62694
14.0793,1.85081
13.8037,2.05403
13.5489,2.22519
13.2901,2.3829
13.0596,2.50788
12.8193,2.62211
12.5493,2.74208
12.2496,2.85959
11.9849,2.94953
11.6968,3.03141
11.4467,3.08978
11.1736,3.13743
10.9408,3.16662
10.6838,3.18248
10.4686,3.18485
10.2281,3.17114
9.9559,3.15137
9.65054,3.11356
9.31384,3.08115
8.94869,3.05186
8.56563,3.03057
8.2302,3.0208
7.94218,3.02334
7.62696,3.03642
7.28448,3.06119
6.9138,3.10005
6.5825,3.1276
6.29876,3.14609
6.06259,3.15075
5.87424,3.14722
5.72315,3.1265
5.56137,3.10846
5.37089,3.06901
5.14076,3.0378
4.88274,3.00438
4.60435,2.98455
4.29944,2.96437
3.96667,2.95816
3.60666,2.95794
3.21894,2.97206
2.87529,2.99666
2.57505,3.01372
2.32216,3.02153
2.11605,3.01901
1.9392,3.0075
1.76401,2.98505
1.56024,2.95506
1.32796,2.92285
1.06743,2.90456
0.780417,2.88477
0.465815,2.87771
0.124237,2.87527
-0.244914,2.88745
-0.641393,2.9102
-1.06507,2.94789
-1.44436,2.99507
-1.78212,3.05131
-2.07427,3.09492
-2.31956,3.12621
-2.51821,3.14116
-2.67038,3.1467
-2.85259,3.13578
-3.06092,3.14526
-3.29616,3.15487
-3.55708,3.18162
-3.84429,3.21187
-4.15795,3.26193
-4.50025,3.32344
-4.87097,3.38447
-5.26964,3.44028
-5.67674,3.48756
-6.03743,3.51827
-6.35191,3.53289
-6.62376,3.53297
-6.88607,3.52104
-7.11203,3.49794
-7.34733,3.46158
-7.53923,3.41999
-7.75965,3.35719
-8.01165,3.30496
-8.29113,3.24769
-8.59847,3.19282
-8.93378,3.1432
-9.29704,3.09913
-9.68867,3.06316
-10.1087,3.03621
-10.5573,3.02
-11.0338,3.01573
-11.4634,3.02515
-11.8469,3.0479
-12.1861,3.08236
-12.4789,3.10698
-12.7242,3.12213
-12.9981,3.12777
-13.2983,3.146
-13.6248,3.17136
-13.977,3.21242
-14.3566,3.26542
-14.766,3.31448
-15.2029,3.35741
-15.6266,3.38852
-16.0039,3.40473
-16.3362,3.40654
-16.6335,3.3956
-16.9114,3.3729
-17.1579,3.33978
-17.4018,3.29445
-17.6077,3.24262
-17.8559,3.18794
-18.1331,3.14092
-18.4373,3.09199
-18.7699,3.0532
-19.1298,3.01722
-19.5182,2.99244
-19.9347,2.97624
-20.3795,2.972
-20.8523,2.98031
-21.2782,3.00115
-21.6578,3.03416
-21.9966,3.05687
-22.2877,3.06986
-22.531,3.0703
-22.8028,3.06267
-23.1019,3.06122
-23.4277,3.07014
-23.78,3.08805
-24.16,3.1194
-24.5724,3.16501
-25.013,3.20474
-25.4809,3.23797
-25.9017,3.25728
-26.2753,3.26288
-26.602,3.25535
-26.8846,3.2361
-27.1405,3.20594
-27.369,3.16628
-27.5783,3.11647
-27.8159,3.05159
-28.0834,2.98599
-28.3798,2.92293
-28.7039,2.86147
-29.0562,2.80568
-29.4365,2.7551
-29.8459,2.71271
-30.2858,2.67945
-30.7525,2.635
-31.1705,2.58661
-31.5395,2.53388
-31.8596,2.47628
-32.1315,2.41496
-32.3592,2.35035
-32.5632,2.27976
-32.7929,2.19015
-33.0525,2.09913
-33.34,2.00495
-33.6562,1.91302
-34.0002,1.821
-34.3749,1.73359
-34.7856,1.64884
-35.2214,1.54977
-35.6789,1.43648
-36.0871,1.3245
-36.4458,1.214
-36.7554,1.10562
-37.0161,1.00076
-37.2991,0.874946
-37.6046,0.727697
-37.9314,0.556059
-38.2781,0.360349
-38.6434,0.138988
-39.0263,-0.108604
-39.4254,-0.383063
-39.8163,-0.668575
-40.161,-0.937352
-40.4596,-1.18811
-40.7133,-1.41891
-40.9794,-1.67751
-41.2577,-1.96404
-41.5201,-2.25332
-41.7413,-2.51815
-41.9244,-2.75994
-42.0805,-2.98809
-42.2098,-3.20133
-42.3169,-3.40356
-42.4291,-3.63682
-42.5462,-3.90104
-42.6641,-4.19819
-42.7804,-4.5213
-42.8909,-4.86934
-42.9741,-5.1802
-43.0425,-5.49417
-43.0895,-5.77401
-43.1256,-6.07321
-43.1439,-6.33107
-43.148,-6.60628
-43.1403,-6.8388
-43.1156,-7.08994
-43.0846,-7.29728
-43.0341,-7.52027
-42.9823,-7.69974
-42.909,-7.89396
-42.8406,-8.04552
-42.7584,-8.22975
-42.6851,-8.36835
-42.5835,-8.52849
-42.4703,-8.7155
-42.3262,-8.92106
-42.1536,-9.14332
-41.994,-9.32834
-41.802,-9.52768
-41.5833,-9.74431
-41.3319,-9.97261
-41.0496,-10.2128
-40.7353,-10.4623
-40.3977,-10.7125
-40.0879,-10.9236
-39.807,-11.0961
-39.5533,-11.2346
-39.2687,-11.377
-38.9531,-11.5226
-38.6057,-11.6688
-38.2265,-11.8148
-37.8161,-11.9585
-37.4445,-12.0736
-37.1113,-12.1609
-36.8108,-12.2248
-36.473,-12.3051
-36.1038,-12.3805
-35.7018,-12.4508
-35.2669,-12.5134
-34.7971,-12.5672
-34.3005,-12.6333
-33.7788,-12.7119
-33.2329,-12.8053
-32.7355,-12.9028
-32.2855,-13.0044
-31.8778,-13.0879
-31.516,-13.154
-31.1257,-13.214
-30.707,-13.2672
-30.3295,-13.3027
-29.9219,-13.3278
-29.4872,-13.364
-29.0265,-13.4109
-28.539,-13.4718
-28.0315,-13.5478
-27.57,-13.6074
-27.1553,-13.6523
-26.7874,-13.6813
-26.4662,-13.6945
-26.1169,-13.6975
-25.7397,-13.6897
-25.3346,-13.6688
-24.9005,-13.6335
-24.4377,-13.6045
-23.9477,-13.5825
-23.4306,-13.5699
-22.8862,-13.5687
-22.3894,-13.58
-21.9407,-13.6032
-21.5403,-13.6371
-21.1128,-13.6862
-20.657,-13.7514
-20.2299,-13.8043
-19.774,-13.8526
-19.2928,-13.9148
-18.7864,-13.9909
-18.2552,-14.0828
-17.7723,-14.179
-17.3387,-14.2786
-16.9532,-14.381
-16.6135,-14.4854
-16.3174,-14.5704
-15.9936,-14.6558
-15.6413,-14.7372
-15.2606,-14.8153
-14.8494,-14.8871
-14.4128,-14.973
-13.9518,-15.0728
-4.70482,-23.7107
-4.75842,-23.7409
-4.82807,-23.7945
-4.93202,-23.8514
-5.0601,-23.9229
-5.22304,-23.9957
-5.40925,-24.0852
-5.63102,-24.173
-5.88672,-24.2609
-6.17383,-24.3522
-6.49543,-24.439
-6.84971,-24.5227
-7.23679,-24.6
-7.65578,-24.6699
-8.10594,-24.7309
-8.58646,-24.7818
-9.09623,-24.8215
-9.56005,-24.8439
-9.97714,-24.8499
-10.347,-24.8414
-10.6693,-24.8207
-11.0188,-24.7863
-11.3954,-24.738
-11.7985,-24.6734
-12.2277,-24.5916
-12.6837,-24.4908
-13.1665,-24.393
-13.6036,-24.3131
-13.995,-24.2513
-14.3408,-24.2087
-14.6409,-24.1841
-14.8951,-24.1763
-15.1069,-24.1831
-15.3277,-24.2009
-15.5068,-24.2289
-15.7052,-24.2728
-15.9351,-24.3216
-16.195,-24.3753
-16.4836,-24.428
-16.8003,-24.4755
-17.1445,-24.5193
-17.5167,-24.5552
-17.917,-24.5833
-18.3454,-24.6013
-18.802,-24.608
-19.242,-24.6014
-19.6345,-24.5818
-19.9805,-24.5505
-20.2811,-24.5091
-20.5367,-24.4784
-20.8213,-24.4518
-21.1332,-24.4141
-21.4823,-24.3811
-21.8589,-24.3554
-22.263,-24.3385
-22.6948,-24.3321
-23.1542,-24.3375
-23.6388,-24.3561
-24.0757,-24.3859
-24.4644,-24.4263
-24.8051,-24.4754
-25.0997,-24.5318
-25.3604,-24.5759
-25.5769,-24.607
-25.8211,-24.6315
-26.0927,-24.6523
-26.3926,-24.6616
-26.7202,-24.6656
-27.0762,-24.655
-27.4615,-24.6334
-27.8789,-24.618
-28.3233,-24.6102
-28.7884,-24.6122
-29.2052,-24.6253
-29.5739,-24.649
-29.8943,-24.6824
-30.1666,-24.7239
-30.3924,-24.7719
-30.6442,-24.8356
-30.9233,-24.9159
-31.2325,-24.9975
-31.5701,-25.0777
-31.9358,-25.1556
-32.3312,-25.2289
-32.7581,-25.2962
-33.2104,-25.3774
-33.6826,-25.4717
-34.1054,-25.5671
-34.4788,-25.6636
-34.8029,-25.7604
-35.0781,-25.856
-35.3045,-25.9489
-35.4835,-26.0373
-35.6859,-26.1475
-35.9195,-26.2626
-36.1724,-26.4018
-36.4466,-26.5603
-36.7384,-26.746
-37.0497,-26.9561
-37.3788,-27.1953
-37.7262,-27.4643
-38.0902,-27.7643
-38.4107,-28.047
-38.6881,-28.3121
-38.9429,-28.5467
-39.2233,-28.7943
-39.5309,-29.0514
-39.8659,-29.3176
-40.175,-29.5476
-40.5154,-29.7848
-40.8731,-30.0454
-41.192,-30.2878
-41.4676,-30.5098
-41.7007,-30.7122
-41.89,-30.8925
-42.0369,-31.0506
-42.1861,-31.2257
-42.3028,-31.3833
-42.4272,-31.5685
-42.5241,-31.7323
-42.6232,-31.9294
-42.7017,-32.0986
-42.7785,-32.303
-42.8312,-32.4902
-42.8839,-32.7029
-42.9095,-32.8868
-42.9392,-33.0987
-42.942,-33.2757
-42.9535,-33.4772
-42.9403,-33.6391
-42.9275,-33.8188
-42.8955,-33.9571
-42.8819,-34.1269
-42.8505,-34.2501
-42.8103,-34.3724
-42.7712,-34.5236
-42.7081,-34.7008
-42.6296,-34.9051
-42.5283,-35.1348
-42.4102,-35.391
-42.2647,-35.6696
-42.0948,-35.9708
-41.898,-36.2922
-41.6973,-36.592
-41.5019,-36.8556
-41.3009,-37.1022
-41.112,-37.3114
-40.9121,-37.5119
-40.7322,-37.6733
-40.5403,-37.8246
-40.3221,-37.9904
-40.07,-38.1627
-39.7876,-38.3444
-39.4719,-38.5306
-39.1367,-38.7134
-38.8335,-38.8613
-38.4978,-39.0094
-38.1306,-39.1586
-37.7315,-39.3062
-37.3008,-39.4511
-36.8827,-39.577
-36.5035,-39.6761
-36.0915,-39.769
-35.6543,-39.8769
-35.1931,-39.9996
-34.7089,-40.1394
-34.2587,-40.2816
-33.857,-40.4216
-33.5026,-40.5593
-33.1177,-40.6995
-32.7045,-40.8403
-32.2629,-40.9794
-31.8636,-41.0932
-31.5065,-41.1819
-31.1183,-41.2654
-30.7051,-41.3639
-30.2677,-41.477
-29.8075,-41.6075
-29.382,-41.7203
-29.0011,-41.8123
-28.6645,-41.8825
-28.3722,-41.9314
-28.0508,-41.974
-27.7004,-42.0098
-27.3205,-42.0364
-26.9116,-42.0526
-26.4723,-42.0568
-26.0049,-42.0697
-25.5109,-42.092
-24.9909,-42.1261
-24.4654,-42.1726
-23.9887,-42.2271
-23.4865,-42.2981
-23.0333,-42.3749
-22.6292,-42.4569
-22.2744,-42.5425
-21.9687,-42.6299
-21.6392,-42.7362
-21.2863,-42.8619
-20.9107,-43.009
-20.5134,-43.1784
-20.0952,-43.3712
-19.657,-43.5882
-19.2008,-43.8295
-18.7916,-44.0614
-18.4264,-44.2854
-18.0983,-44.479
-17.8082,-44.642
-17.5549,-44.772
-17.2733,-44.906
-16.962,-45.0418
-16.6207,-45.1788
-16.2508,-45.314
-15.92,-45.4205
-15.628,-45.4991
-15.3054,-45.574
-14.9522,-45.6444
-14.5682,-45.7081
-14.1536,-45.7639
-13.7562,-45.8034
-13.4023,-45.8238
-13.0192,-45.8326
-12.6075,-45.8302
-12.1673,-45.8143
-11.6992,-45.784
-11.2728,-45.7427
-10.8876,-45.6905
-10.5355,-45.6498
-10.2283,-45.621
-9.96238,-45.6064
-9.72998,-45.6032
-9.46824,-45.6113
-9.17901,-45.6082
-8.86293,-45.6005
-8.52067,-45.5788
-8.15214,-45.5484
-7.7576,-45.5026
-7.33702,-45.4429
-6.89273,-45.3667
-6.49694,-45.2857
-6.14852,-45.1999
-5.83688,-45.1094
-5.54504,-45.0112
-5.28689,-44.9103
-5.03003,-44.7964
-4.81438,-44.6862
-4.58903,-44.5559
-4.40328,-44.4368
-4.18925,-44.3031
-3.94469,-44.1677
-3.67571,-44.021
-3.37668,-43.8741
-3.051,-43.7208
-2.69474,-43.5686
-2.30919,-43.4149
-1.89301,-43.263
-1.46177,-43.1194
-1.07092,-43.0034
-0.719752,-42.9142
-0.406668,-42.8278
-0.141737,-42.7482
0.145678,-42.6508
0.457129,-42.5359
0.796773,-42.419
1.16472,-42.3024
1.56122,-42.1874
1.98681,-42.0758
2.44182,-41.9691
2.85517,-41.8855
3.22365,-41.8035
3.61646,-41.7082
4.03253,-41.5956
4.39984,-41.4846
4.79102,-41.3532
5.21122,-41.2221
5.65952,-41.0916
6.13654,-40.9641
6.6427,-40.8412
7.10697,-40.7413
7.5276,-40.6641
7.90384,-40.6084
8.23528,-40.5727
8.59731,-40.546
8.9864,-40.5082
9.33073,-40.4678
9.7004,-40.4147
10.0952,-40.3471
10.5148,-40.2636
10.959,-40.1627
11.4249,-40.0438
11.8418,-39.9238
12.2093,-39.8036
12.5277,-39.6851
12.7978,-39.5703
13.0221,-39.46
13.2165,-39.3497
13.3836,-39.2397
13.5708,-39.1057
13.7779,-38.9479
14.0021,-38.7614
14.244,-38.5486
14.4997,-38.3049
14.7699,-38.0304
15.0745,-37.7333
15.4042,-37.4225
15.7596,-37.1015
16.0898,-36.8189
16.3781,-36.561
16.6252,-36.3295
16.8296,-36.1228
17.0461,-35.8898
17.2733,-35.6291
17.5049,-35.3458
17.6966,-35.09
17.8952,-34.8038
18.1011,-34.4879
18.3117,-34.1407
18.5259,-33.7628
18.7052,-33.418
18.851,-33.1055
18.9706,-32.8162
19.0903,-32.496
19.2093,-32.1449
19.3255,-31.7624
19.4376,-31.3486
19.5431,-30.9078
19.6243,-30.5091
19.6817,-30.1532
19.718,-29.8393
19.7457,-29.4949
19.7643,-29.1187
19.7933,-28.7096
19.833,-28.2725
19.8789,-27.8809
19.9175,-27.4542
19.9705,-27.0021
20.0369,-26.5246
20.1195,-26.021
20.1851,-25.5557
20.2355,-25.1372
20.2692,-24.7651
20.2866,-24.4395
20.294,-24.0858
20.2908,-23.704
20.2749,-23.2941
20.2469,-22.9114
20.2029,-22.5
20.1648,-22.0598
20.1327,-21.5922
20.1094,-21.0973
20.0966,-20.5752
20.0972,-20.1008
20.1107,-19.6741
20.1386,-19.219
20.1584,-18.736
20.1675,-18.2997
20.1654,-17.9111
20.1511,-17.4941
20.1456,-17.0496
20.1488,-16.5783
20.1634,-16.0803
20.1908,-15.5673
20.229,-15.0989
20.2556,-14.6773
20.2756,-14.2287
20.285,-13.7638
20.2816,-13.3466
20.2659,-12.9772
20.2363,-12.5793
20.2141,-12.1533
20.1989,-11.6998
20.194,-11.2175
20.1773,-10.7008
20.1519,-10.2327
20.1182,-9.81333
20.0699,-9.36782
20.0077,-8.90718
19.939,-8.49528
19.8646,-8.13237
19.7718,-7.74345
19.6813,-7.32136
19.5935,-6.86835
19.487,-6.38283
19.3791,-5.93996
19.2708,-5.54484
19.1627,-5.19774
19.0556,-4.89742
18.9492,-4.63898
18.8416,-4.41152
18.7281,-4.15007
18.5941,-3.8678
18.4391,-3.56494
18.2607,-3.24253
18.0583,-2.90113
17.8305,-2.54187
17.5764,-2.16572
17.2954,-1.7738
17.0301,-1.42708
16.781,-1.12512
16.5482,-0.865223
16.3434,-0.626405
16.1726,-0.41795
16.0315,-0.229359
15.8792,-0.0136433
15.7064,0.220966
15.5082,0.469777
15.2883,0.735365
15.0411,1.0134
14.7685,1.30538
14.5006,1.57307
14.2515,1.80341
14.0003,2.01775
13.7701,2.19714
13.5274,2.36953
13.3126,2.50653
13.0835,2.6353
12.8863,2.73389
12.6548,2.83219
12.3951,2.9392
12.1086,3.03927
11.8554,3.11164
11.576,3.17774
11.3336,3.22176
11.0645,3.25517
10.8357,3.27229
10.581,3.27513
10.3677,3.26579
10.1231,3.23969
9.84676,3.2062
9.53839,3.17237
9.20129,3.14315
8.83665,3.12003
8.47054,3.10624
8.15159,3.10465
7.80539,3.11396
7.43191,3.13469
7.03304,3.16939
6.67928,3.19318
6.37325,3.20815
6.11499,3.21015
5.90468,3.20302
5.74112,3.18185
5.58488,3.16124
5.43327,3.12142
5.25161,3.07468
5.04084,3.02152
4.80037,2.97805
4.53373,2.92998
4.23845,2.89158
3.91626,2.85345
3.56526,2.82743
3.18629,2.80766
2.82657,2.80303
2.51242,2.81203
2.24273,2.8343
2.0148,2.86668
1.82027,2.89196
1.59592,2.90932
1.34594,2.94276
1.06964,2.98143
0.768336,3.04074
0.439779,3.11279
0.0825478,3.18556
-0.302877,3.25429
-0.708376,3.31716
-1.06799,3.36185
-1.38174,3.38884
-1.65065,3.39942
-1.89554,3.39663
-2.127,3.3821
-2.33455,3.3557
-2.54256,3.31818
-2.78014,3.26573
-3.0484,3.21671
-3.34511,3.16815
-3.66997,3.12641
-4.02214,3.08812
-4.40227,3.05906
-4.81019,3.03797
-5.24618,3.02789
-5.71009,3.02959
-6.17005,3.04439
-6.58371,3.07148
-6.95531,3.11048
-7.2805,3.13885
-7.55815,3.15706
-7.86455,3.16599
-8.19728,3.1868
-8.55616,3.21657
-8.94218,3.26095
-9.35775,3.3199
-9.8017,3.37374
-10.2725,3.42164
-10.6965,3.45405
-11.0736,3.47118
-11.4039,3.47367
-11.6901,3.46305
-11.9577,3.44062
-12.1958,3.40795
-12.4324,3.3628
-12.6311,3.31202
-12.8582,3.2404
-13.117,3.1763
-13.4032,3.1067
-13.7177,3.04042
-14.06,2.97669
-14.4307,2.91913
-14.8299,2.86785
-15.2579,2.82518
-15.7147,2.79215
-16.1981,2.77031
-16.6348,2.76383
-17.0244,2.77202
-17.3665,2.79286
-17.6611,2.82437
-17.9827,2.87036
-18.331,2.93098
-18.7064,3.00945
-19.1098,3.1069
-19.5428,3.20316
-20.0037,3.29727
-20.4194,3.37202
-20.7899,3.42747
-21.1156,3.46387
-21.4007,3.48314
-21.6717,3.48913
-21.9089,3.48161
-22.1488,3.46148
-22.347,3.43245
-22.5596,3.38607
-22.8022,3.33404
-23.0748,3.27715
-23.3759,3.2202
-23.7052,3.16908
-24.062,3.12116
-24.447,3.08146
-24.86,3.04935
-25.3013,3.02745
-25.7709,3.01671
-26.1965,3.02041
-26.5764,3.01702
-26.9081,3.00721
-27.1914,2.98824
-27.4274,2.96209
-27.6896,2.92189
-27.9797,2.86969
-28.2986,2.81791
-28.6455,2.7721
-29.02,2.7307
-29.4234,2.69778
-29.8571,2.67387
-30.3176,2.63902
-30.7973,2.59343
-31.2281,2.54167
-31.6097,2.48389
-31.9424,2.42081
-32.2262,2.3539
-32.4615,2.2847
-32.65,2.21482
-32.8641,2.12569
-33.1082,2.03495
-33.3801,1.93997
-33.681,1.8475
-34.0092,1.75318
-34.3669,1.66397
-34.7548,1.57723
-35.17,1.47529
-35.6089,1.35807
-35.9993,1.24294
-36.3412,1.13007
-36.6353,1.01992
-36.884,0.913188
-37.0946,0.808567
-37.3278,0.681648
-37.5901,0.549075
-37.8799,0.410474
-38.1995,0.269374
-38.5389,0.107282
-38.8985,-0.0744086
-39.277,-0.278768
-39.6738,-0.506474
-40.034,-0.727795
-40.3481,-0.936631
-40.6175,-1.13186
-40.9025,-1.35325
-41.2028,-1.60098
-41.472,-1.84074
-41.707,-2.06909
-41.9145,-2.28971
-42.093,-2.49941
-42.2498,-2.70432
-42.3793,-2.89607
-42.4948,-3.0907
-42.6188,-3.31531
-42.7473,-3.57268
-42.8812,-3.8614
-43.0112,-4.17555
-43.1105,-4.45432
-43.2065,-4.76554
-43.28,-5.04774
-43.345,-5.35641
-43.3886,-5.62599
-43.4205,-5.91889
-43.4359,-6.17091
-43.437,-6.44711
-43.4268,-6.68089
-43.3993,-6.93709
-43.3652,-7.14989
-43.3114,-7.38163
-43.2564,-7.56986
-43.1796,-7.77423
-43.1068,-7.93576
-43.0134,-8.11695
-42.9304,-8.2549
-42.8341,-8.41313
-42.7227,-8.59573
-42.5811,-8.79607
-42.4175,-9.01767
-42.2274,-9.24935
-42.0539,-9.43964
-41.8485,-9.64297
-41.6164,-9.86236
-41.3516,-10.0921
-41.0561,-10.3325
-40.7288,-10.5813
-40.4069,-10.8079
-40.1113,-10.9973
-39.8356,-11.1562
-39.5745,-11.291
-39.2821,-11.4286
-38.9587,-11.5688
-38.6032,-11.7087
-38.216,-11.8475
-37.7977,-11.9832
-37.4187,-12.0912
-37.0784,-12.1724
-36.773,-12.2302
-36.4397,-12.3016
-36.0805,-12.3875
-35.6948,-12.4903
-35.2745,-12.5903
-34.8244,-12.687
-34.34,-12.7782
-33.826,-12.8621
-33.2896,-12.9362
-32.7982,-12.9909
-32.3508,-13.0268
-31.9423,-13.068
-31.582,-13.1124
-31.2701,-13.162
-30.9308,-13.2271
-30.5554,-13.2885
-30.1681,-13.3435
-29.7514,-13.3916
-29.3012,-13.4314
-28.8206,-13.4611
-28.3091,-13.4792
-27.8378,-13.4821
-27.4071,-13.4702
-27.0215,-13.4665
-26.6806,-13.4703
-26.3808,-13.4843
-26.0545,-13.5094
-25.7013,-13.5477
-25.32,-13.6008
-24.908,-13.6491
-24.4709,-13.7134
-24.0073,-13.7932
-23.5065,-13.8683
-23.0485,-13.9273
-22.6365,-13.9697
-22.2702,-13.9951
-21.9478,-14.0049
-21.6479,-14.0014
-21.3728,-13.9856
-21.0679,-13.9566
-20.7263,-13.9348
-20.3549,-13.9186
-19.9557,-13.9118
-19.5294,-13.9147
-19.0762,-13.9296
-18.596,-13.9577
-18.0892,-14.0003
-17.5593,-14.0582
-17.0781,-14.124
-16.6459,-14.1967
-16.263,-14.2747
-15.8543,-14.3711
-15.4165,-14.4648
-14.9494,-14.5555
-14.4583,-14.6626
-13.9435,-14.786
-13.4055,-14.9275
-12.9169,-15.0688
-31.0447,-39.4703
-30.9864,-39.4901
-30.9001,-39.5061
-30.7882,-39.5454
-30.6495,-39.593
-30.4865,-39.6657
-30.2955,-39.7444
-30.082,-39.8508
-29.8458,-39.9824
-29.5861,-40.1351
-29.3067,-40.3165
-29.0077,-40.5242
-28.7533,-40.7207
-28.5303,-40.8901
-28.3428,-41.0276
-28.128,-41.1729
-27.8871,-41.327
-27.6169,-41.4855
-27.3201,-41.6501
-27.0564,-41.78
-26.8095,-41.8886
-26.5316,-41.9978
-26.2235,-42.1091
-25.8833,-42.2176
-25.5105,-42.3243
-25.1025,-42.4264
-24.6628,-42.5462
-24.268,-42.6623
-23.837,-42.7754
-23.4469,-42.8669
-23.099,-42.9361
-22.792,-42.9839
-22.5229,-43.0324
-22.2289,-43.093
-21.9109,-43.1696
-21.5689,-43.2612
-21.2036,-43.3715
-20.8151,-43.5005
-20.4041,-43.6503
-19.9714,-43.8217
-19.5176,-44.0158
-19.1107,-44.2043
-18.7513,-44.3866
-18.4348,-44.5632
-18.1569,-44.7118
-17.9187,-44.8326
-17.6517,-44.9556
-17.3571,-45.0829
-17.0324,-45.2094
-16.6783,-45.3368
-16.2968,-45.4603
-15.9558,-45.5569
-15.5839,-45.6483
-15.1818,-45.7352
-14.7491,-45.8151
-14.287,-45.8869
-13.869,-45.938
-13.4961,-45.9691
-13.1686,-45.9824
-12.8125,-45.9848
-12.4279,-45.976
-12.0152,-45.9537
-11.5747,-45.9169
-11.1622,-45.8687
-10.7925,-45.8107
-10.4606,-45.7437
-10.1649,-45.6892
-9.89989,-45.646
-9.66644,-45.6182
-9.40415,-45.5937
-9.10471,-45.5603
-8.78038,-45.5112
-8.43062,-45.4519
-8.05643,-45.3749
-7.6575,-45.2826
-7.23451,-45.1715
-6.78785,-45.0412
-6.35559,-44.9013
-5.97094,-44.7623
-5.62848,-44.6235
-5.31098,-44.5024
-5.03289,-44.4034
-4.79047,-44.3279
-4.57737,-44.2711
-4.39261,-44.2364
-4.18029,-44.1988
-3.93634,-44.1725
-3.66254,-44.1451
-3.34891,-44.11
-3.00922,-44.0634
-2.64431,-44.0044
-2.25469,-43.9309
-1.89605,-43.8521
-1.5784,-43.7697
-1.28537,-43.6809
-1.02352,-43.5883
-0.77204,-43.4862
-0.559905,-43.3858
-0.342807,-43.2689
-0.167608,-43.1614
0.0189045,-43.0285
0.230609,-42.8776
0.468257,-42.7105
0.732034,-42.5321
1.02391,-42.3475
1.34254,-42.1554
1.69012,-41.9594
2.06668,-41.7595
2.47326,-41.5576
2.90272,-41.3586
3.29474,-41.1914
3.71756,-41.0261
4.16328,-40.8654
4.569,-40.7332
5.00533,-40.6056
5.47185,-40.4825
5.96858,-40.3652
6.4953,-40.2548
6.9863,-40.1654
7.43312,-40.0979
7.83487,-40.0507
8.19097,-40.0222
8.57713,-40.0037
8.9905,-39.9748
9.35698,-39.9418
9.74915,-39.8965
10.1668,-39.8372
10.6098,-39.7623
11.0778,-39.6705
11.5191,-39.5707
11.9124,-39.4679
12.258,-39.3636
12.5573,-39.2592
12.815,-39.1551
13.0399,-39.0499
13.2336,-38.9441
13.4164,-38.8491
13.6319,-38.7476
13.868,-38.6268
14.1237,-38.4844
14.3989,-38.32
14.6922,-38.131
15.0032,-37.9172
15.3305,-37.6767
15.6731,-37.4089
15.9723,-37.1576
16.2308,-36.9212
16.456,-36.6965
16.6489,-36.4848
16.8121,-36.2854
16.9856,-36.0567
17.1686,-35.7983
17.3588,-35.5086
17.5549,-35.1878
17.716,-34.8961
17.879,-34.572
18.0449,-34.2168
18.2108,-33.8295
18.3757,-33.4105
18.5111,-33.028
18.6181,-32.6806
18.7212,-32.2996
18.843,-31.8886
18.9808,-31.4532
19.138,-30.9934
19.2709,-30.5713
19.3807,-30.1926
19.4663,-29.8569
19.5476,-29.492
19.6238,-29.0977
19.6931,-28.6737
19.7476,-28.2594
19.7824,-27.8893
19.8065,-27.4887
19.8414,-27.0608
19.8867,-26.6068
19.9452,-26.1273
20.0146,-25.6553
20.0899,-25.2303
20.1496,-24.8511
20.1945,-24.5185
20.2321,-24.1578
20.2623,-23.7692
20.2827,-23.3524
20.2881,-22.9811
20.2806,-22.5804
20.2818,-22.1517
20.2915,-21.6963
20.3123,-21.2144
20.3459,-20.7112
20.3889,-20.255
20.4197,-19.8456
20.4392,-19.4838
20.4491,-19.0947
20.4488,-18.6781
20.4363,-18.2438
20.4124,-17.8573
20.3731,-17.4424
20.3406,-16.999
20.3146,-16.5284
20.2979,-16.0305
20.2925,-15.5129
20.3003,-15.0414
20.2985,-14.6136
20.2882,-14.1592
20.266,-13.6889
20.2343,-13.267
20.1933,-12.8937
20.1366,-12.4929
20.0852,-12.0635
20.0392,-11.6065
20.0013,-11.1219
19.9731,-10.6101
19.9601,-10.1439
19.9613,-9.71753
19.9539,-9.2638
19.9379,-8.83616
19.9134,-8.45675
19.8802,-8.12556
19.8328,-7.76821
19.7708,-7.38481
19.692,-6.97573
19.5953,-6.54147
19.4797,-6.08276
19.3623,-5.67216
19.2439,-5.30996
19.1264,-4.9954
19.0107,-4.72481
18.8948,-4.4897
18.7724,-4.2208
18.6289,-3.93157
18.4639,-3.62211
18.2761,-3.29578
18.0639,-2.95095
17.8258,-2.58878
17.5613,-2.21021
17.2694,-1.81633
16.994,-1.46729
16.7346,-1.16217
16.4995,-0.883248
16.3001,-0.636251
16.1368,-0.419474
16.0042,-0.22637
15.8635,-0.00365418
15.7,0.236967
15.5157,0.495867
15.3068,0.769908
15.0746,1.05992
14.8166,1.36279
14.58,1.62212
14.3589,1.84387
14.1305,2.05637
13.9219,2.23186
13.6963,2.40579
13.4966,2.54301
13.2773,2.67691
13.0887,2.77941
12.8734,2.87783
12.6304,2.98655
12.3557,3.0914
12.1095,3.16927
11.8333,3.24296
11.5909,3.29436
11.3185,3.33668
11.0843,3.36137
10.8215,3.37311
10.5992,3.37107
10.3511,3.35293
10.0726,3.32795
9.76236,3.2844
9.41303,3.24572
9.03524,3.21024
8.64197,3.18251
8.29562,3.16747
7.9954,3.16564
7.66777,3.17434
7.3126,3.19443
6.93027,3.22843
6.59419,3.25209
6.30578,3.26737
6.06511,3.26947
5.87243,3.26369
5.72319,3.24162
5.56357,3.22206
5.37583,3.18074
5.14958,3.13783
4.89447,3.09194
4.615,3.05731
4.30895,3.02115
3.97467,2.99676
3.61309,2.97664
3.2233,2.96916
2.87459,2.9739
2.56791,2.99292
2.29947,3.02103
2.07671,3.04201
1.89965,3.05229
1.75936,3.05601
1.59026,3.04301
1.39495,3.04985
1.17302,3.05607
0.925228,3.08129
0.650988,3.10938
0.351156,3.15733
0.0236831,3.21684
-0.334012,3.27604
-0.719719,3.32998
-1.06229,3.36897
-1.36466,3.39245
-1.63929,3.40245
-1.89047,3.39959
-2.12217,3.385
-2.33705,3.35871
-2.5364,3.32243
-2.76505,3.27013
-3.02438,3.22387
-3.31177,3.17551
-3.62751,3.1359
-3.97024,3.09775
-4.34112,3.07027
-4.73967,3.04969
-5.16636,3.04059
-5.62096,3.04304
-6.10016,3.05871
-6.5331,3.08645
-6.92803,3.10415
-7.27499,3.11254
-7.57397,3.10914
-7.90136,3.09521
-8.25633,3.08897
-8.63813,3.0908
-9.04658,3.1033
-9.48163,3.12766
-9.94345,3.16566
-10.4331,3.21905
-10.8765,3.25882
-11.2724,3.28667
-11.621,3.30065
-11.9222,3.30099
-12.1761,3.2889
-12.3851,3.26582
-12.5977,3.23161
-12.8392,3.18387
-13.1105,3.1386
-13.4101,3.0968
-13.7374,3.06014
-14.0923,3.02997
-14.4748,3.00808
-14.8852,2.99592
-15.3235,2.99504
-15.7895,3.00679
-16.2151,3.03069
-16.5944,3.06626
-16.9332,3.09122
-17.2244,3.10613
-17.4678,3.10818
-17.6635,3.10065
-17.888,3.07924
-18.1404,3.07197
-18.4197,3.06433
-18.7259,3.0699
-19.0586,3.08067
-19.4181,3.10713
-19.8043,3.14438
-20.2183,3.19815
-20.6637,3.24595
-21.062,3.28075
-21.4132,3.30176
-21.7172,3.30844
-21.9754,3.30216
-22.2063,3.28409
-22.4227,3.2558
-22.6666,3.21341
-22.9396,3.15841
-23.2423,3.10265
-23.5737,3.05198
-23.9326,3.0042
-24.3193,2.96405
-24.7339,2.93123
-25.1766,2.90825
-25.6474,2.8962
-26.0911,2.89801
-26.4901,2.91367
-26.8421,2.92139
-27.146,2.92147
-27.4016,2.91107
-27.6101,2.89307
-27.8467,2.86044
-28.1237,2.83775
-28.4312,2.81531
-28.7737,2.80551
-29.1457,2.78031
-29.5439,2.74665
-29.9678,2.6983
-30.4175,2.63569
-30.883,2.5581
-31.2996,2.47556
-31.6671,2.38881
-31.9855,2.29984
-32.2552,2.21049
-32.4768,2.12248
-32.6564,2.0358
-32.8616,1.92725
-33.0967,1.81397
-33.3592,1.69414
-33.6507,1.57364
-33.9693,1.44913
-34.3176,1.32658
-34.6947,1.20407
-35.1018,1.08507
-35.5391,0.970045
-35.9527,0.87519
-36.3218,0.783486
-36.643,0.696826
-36.9157,0.612364
-37.2128,0.510275
-37.5411,0.407046
-37.9032,0.303543
-38.2895,0.181921
-38.6984,0.0428829
-39.1291,-0.115833
-39.5809,-0.295361
-39.9838,-0.469126
-40.3379,-0.636482
-40.6435,-0.79572
-40.902,-0.945378
-41.179,-1.1191
-41.4452,-1.29985
-41.6718,-1.47155
-41.8954,-1.65605
-42.0781,-1.82542
-42.2619,-2.01304
-42.4072,-2.17964
-42.5533,-2.3703
-42.6665,-2.53224
-42.7793,-2.72316
-42.8594,-2.88504
-42.9357,-3.07332
-43.0264,-3.28819
-43.1145,-3.53956
-43.2,-3.82627
-43.2853,-4.14486
-43.3427,-4.42711
-43.3932,-4.74244
-43.4383,-5.08958
-43.472,-5.45961
-43.4866,-5.78714
-43.485,-6.10003
-43.4699,-6.389
-43.4408,-6.67556
-43.4019,-6.92416
-43.3466,-7.1859
-43.2888,-7.40297
-43.2118,-7.6261
-43.1395,-7.8063
-43.0441,-7.99805
-42.9567,-8.14679
-42.8494,-8.30591
-42.7598,-8.42468
-42.6434,-8.58554
-42.504,-8.7661
-42.3371,-8.96377
-42.1455,-9.1799
-41.9272,-9.40374
-41.6806,-9.64236
-41.4025,-9.89207
-41.0936,-10.1523
-40.7534,-10.4209
-40.4262,-10.661
-40.1236,-10.8644
-39.8419,-11.0361
-39.5771,-11.1816
-39.2814,-11.3306
-38.9549,-11.4828
-38.5966,-11.6355
-38.2066,-11.7878
-37.7883,-11.9367
-37.409,-12.0568
-37.0694,-12.1487
-36.7683,-12.2152
-36.4315,-12.2773
-36.0613,-12.3335
-35.6608,-12.403
-35.2344,-12.4854
-34.7838,-12.5828
-34.3094,-12.6969
-33.8102,-12.8299
-33.3066,-12.9525
-32.8478,-13.0545
-32.4336,-13.1355
-32.064,-13.1952
-31.7393,-13.2347
-31.4599,-13.2555
-31.1514,-13.2674
-30.8126,-13.2699
-30.442,-13.2596
-30.0332,-13.2583
-29.5974,-13.2647
-29.1352,-13.2816
-28.6465,-13.3108
-28.1315,-13.3538
-27.6625,-13.4056
-27.2406,-13.4659
-26.8611,-13.5123
-26.5287,-13.5455
-26.1686,-13.5705
-25.7808,-13.5871
-25.3652,-13.593
-24.9204,-13.5867
-24.4478,-13.5891
-23.9486,-13.6006
-23.4229,-13.6238
-22.8723,-13.6603
-22.3701,-13.7061
-21.9151,-13.7611
-21.5015,-13.8024
-21.0606,-13.838
-20.592,-13.8644
-20.1696,-13.8763
-19.7181,-13.876
-19.2392,-13.8853
-18.7338,-13.9044
-18.2021,-13.9358
-17.6479,-13.9809
-17.1423,-14.0346
-16.6856,-14.0963
-16.2781,-14.1646
-15.8443,-14.2506
-15.3806,-14.3561
-14.8863,-14.4585
-14.3688,-14.5796
-13.828,-14.7188
-13.3094,-14.8651
-12.8404,-15.0106
-12.4209,-15.1545
18.0241,-2.75609
18.0131,-2.69699
17.9762,-2.61662
17.9381,-2.50972
17.8742,-2.38157
17.8057,-2.22678
17.7098,-2.05148
17.6024,-1.85026
17.4656,-1.63032
17.3027,-1.39064
17.1149,-1.13115
16.8983,-0.855098
16.6968,-0.621975
16.505,-0.425745
16.3205,-0.256505
16.1441,-0.116727
15.9437,0.0583873
15.7131,0.242079
15.4561,0.437913
15.167,0.639602
14.8483,0.849156
14.4978,1.06317
14.116,1.28107
13.7028,1.50121
13.3237,1.68751
12.9772,1.84114
12.6613,1.98589
12.3227,2.15003
11.9627,2.31338
11.6423,2.44761
11.3614,2.55253
11.1178,2.63056
10.8763,2.69551
10.6665,2.7392
10.4379,2.77387
10.1801,2.8087
9.89006,2.83207
9.56978,2.85033
9.21836,2.85554
8.83921,2.84916
8.50259,2.82765
8.20102,2.81235
7.94488,2.80414
7.66186,2.80495
7.35213,2.81401
7.01564,2.83543
6.65628,2.86819
6.34347,2.91056
6.07629,2.94193
5.85633,2.9625
5.68354,2.96834
5.55671,2.96837
5.40162,2.94995
5.21798,2.93442
4.99189,2.9161
4.73371,2.89092
4.49535,2.8673
4.22398,2.83641
3.92516,2.80493
3.59862,2.78432
3.24516,2.76746
2.86638,2.76319
2.53505,2.76979
2.25066,2.78991
2.01163,2.81899
1.80892,2.84164
1.57588,2.85397
1.31726,2.8842
1.03234,2.91814
0.72223,2.97204
0.384781,3.03799
0.0175952,3.1252
-0.379096,3.20922
-0.744713,3.27986
-1.06656,3.33256
-1.34832,3.36791
-1.60942,3.38924
-1.84371,3.3966
-2.07272,3.39178
-2.26796,3.37545
-2.47986,3.34455
-2.64839,3.31217
-2.85734,3.2675
-3.09605,3.23071
-3.3622,3.19126
-3.65663,3.16334
-3.9777,3.1355
-4.32688,3.12054
-4.70352,3.11199
-5.10815,3.11656
-5.54048,3.13297
-6.00034,3.16368
-6.41408,3.20506
-6.78142,3.23594
-7.1012,3.25633
-7.37343,3.26326
-7.59796,3.2591
-7.85137,3.24277
-8.13261,3.23718
-8.44082,3.23458
-8.77563,3.24589
-9.13694,3.26413
-9.52474,3.29755
-9.94043,3.34402
-10.3846,3.3851
-10.7871,3.41393
-11.1442,3.42965
-11.4586,3.43196
-11.7431,3.42225
-12.0039,3.40111
-12.2422,3.36939
-12.4664,3.32687
-12.6707,3.2752
-12.9061,3.20692
-13.1722,3.14167
-13.4663,3.07366
-13.789,3.01206
-14.139,2.95122
-14.5177,2.8987
-14.9246,2.85207
-15.3603,2.81493
-15.8246,2.78784
-16.2828,2.77427
-16.6942,2.77561
-17.0582,2.79068
-17.3746,2.81733
-17.6443,2.85394
-17.9407,2.90526
-18.2638,2.97164
-18.6142,3.05669
-18.9964,3.14026
-19.4066,3.22233
-19.8449,3.29978
-20.2942,3.36813
-20.6979,3.41762
-21.0559,3.44867
-21.3688,3.46285
-21.6438,3.4622
-21.9087,3.44935
-22.136,3.42487
-22.3684,3.38747
-22.5577,3.34418
-22.7757,3.28013
-23.0255,3.22634
-23.3028,3.16727
-23.608,3.11026
-23.9412,3.05832
-24.3023,3.01158
-24.6919,2.97273
-25.1099,2.94259
-25.5565,2.92294
-26.0307,2.915
-26.4594,2.92142
-26.8424,2.92052
-27.1772,2.9129
-27.4634,2.89581
-27.7761,2.86765
-28.1166,2.82562
-28.4883,2.76797
-28.8957,2.71451
-29.3342,2.66619
-29.8086,2.6251
-30.3088,2.57083
-30.7642,2.5114
-31.1716,2.44709
-31.5311,2.3779
-31.8434,2.30486
-32.1119,2.22875
-32.3455,2.14896
-32.5481,2.06583
-32.7758,1.96192
-33.0335,1.85484
-33.3189,1.74288
-33.6331,1.63143
-33.975,1.51836
-34.3462,1.40819
-34.7465,1.30045
-35.1772,1.19756
-35.6398,1.10052
-36.0545,1.00539
-36.4206,0.914205
-36.7374,0.824599
-37.0052,0.737108
-37.2971,0.630185
-37.6129,0.503438
-37.9513,0.354283
-38.3109,0.182737
-38.6907,-0.0128636
-39.0897,-0.233231
-39.5069,-0.479133
-39.8829,-0.716653
-40.2125,-0.941601
-40.4961,-1.15209
-40.7361,-1.34692
-40.9905,-1.5687
-41.2592,-1.81746
-41.5366,-2.09183
-41.7714,-2.34356
-41.9644,-2.57278
-42.1253,-2.78516
-42.2681,-2.99602
-42.3799,-3.18496
-42.4969,-3.40601
-42.6232,-3.65569
-42.7497,-3.93985
-42.8792,-4.25458
-42.9766,-4.53507
-43.0716,-4.84802
-43.1485,-5.14561
-43.2123,-5.4523
-43.2548,-5.72379
-43.2865,-6.01884
-43.3015,-6.27269
-43.302,-6.54802
-43.2912,-6.78062
-43.2631,-7.03354
-43.2288,-7.24285
-43.1747,-7.46926
-43.1199,-7.65217
-43.0432,-7.85036
-42.9711,-8.0058
-42.8826,-8.18902
-42.8048,-8.32764
-42.7165,-8.44646
-42.6216,-8.61323
-42.4966,-8.79681
-42.348,-9.00024
-42.1729,-9.22109
-42.0081,-9.4072
-41.8125,-9.60746
-41.591,-9.82465
-41.3369,-10.0527
-41.0525,-10.2923
-40.7363,-10.5407
-40.4089,-10.7803
-40.1094,-10.9808
-39.8374,-11.1442
-39.5815,-11.2817
-39.2946,-11.4229
-38.9766,-11.567
-38.6267,-11.7116
-38.2449,-11.8556
-37.8321,-11.9971
-37.4582,-12.1101
-37.1233,-12.1957
-36.822,-12.2576
-36.4849,-12.3153
-36.1127,-12.3669
-35.7123,-12.4305
-35.2862,-12.5064
-34.8357,-12.5968
-34.3611,-12.7035
-33.8615,-12.8287
-33.3431,-12.9725
-32.8681,-13.0945
-32.4379,-13.1961
-32.0521,-13.2762
-31.7105,-13.3345
-31.4137,-13.3725
-31.0877,-13.4027
-30.7326,-13.4249
-30.3484,-13.4364
-29.9338,-13.4361
-29.4909,-13.4441
-29.0213,-13.4608
-28.5254,-13.4889
-28.0035,-13.5303
-27.5288,-13.5805
-27.1001,-13.6175
-26.7188,-13.6423
-26.3849,-13.653
-26.0234,-13.6536
-25.6341,-13.6431
-25.2175,-13.6196
-24.772,-13.5814
-24.298,-13.5497
-23.7967,-13.525
-23.2683,-13.5099
-22.7135,-13.5062
-22.2065,-13.5153
-21.7476,-13.5366
-21.337,-13.5688
-20.8998,-13.616
-20.4349,-13.679
-19.9396,-13.7363
-19.4196,-13.8101
-18.8747,-13.8997
-18.3054,-14.0062
-17.7853,-14.1163
-17.3148,-14.2293
-16.8925,-14.3446
-16.5093,-14.4405
-16.0983,-14.5349
-15.6586,-14.6241
-15.2594,-14.6933
-14.8296,-14.7547
-14.3741,-14.8295
-13.8937,-14.9176
-13.389,-15.0214
-12.9098,-15.1322
-33.2061,-26.0765
-33.2663,-26.064
-33.354,-26.0586
-33.4701,-26.0334
-33.627,-26.0139
-33.8123,-25.9903
-34.0254,-25.9836
-34.2647,-25.9743
-34.5314,-25.9808
-34.8248,-25.9892
-35.0792,-26.0139
-35.3016,-26.0449
-35.5508,-26.0946
-35.8274,-26.1518
-36.1296,-26.2314
-36.4574,-26.3292
-36.81,-26.4476
-37.1864,-26.5874
-37.5855,-26.7499
-38.0061,-26.9359
-38.3933,-27.1225
-38.7333,-27.3024
-39.0269,-27.4741
-39.2771,-27.6362
-39.4888,-27.7899
-39.7177,-27.9691
-39.9632,-28.1744
-40.2233,-28.408
-40.4969,-28.6699
-40.728,-28.9113
-40.9692,-29.1834
-41.2211,-29.4848
-41.4811,-29.817
-41.7023,-30.1224
-41.885,-30.4006
-42.0331,-30.6522
-42.1859,-30.9345
-42.3427,-31.2471
-42.4717,-31.5365
-42.5895,-31.8342
-42.6789,-32.0978
-42.7565,-32.3708
-42.8104,-32.6066
-42.8515,-32.8564
-42.8758,-33.0653
-42.8848,-33.2925
-42.8817,-33.4774
-42.8611,-33.6792
-42.835,-33.8385
-42.8044,-34.0335
-42.7707,-34.182
-42.7211,-34.2978
-42.6837,-34.4638
-42.6221,-34.6541
-42.5423,-34.8699
-42.4457,-35.1112
-42.3251,-35.3762
-42.1848,-35.6653
-42.0179,-35.9757
-41.8263,-36.3066
-41.6417,-36.5951
-41.45,-36.8664
-41.2684,-37.0988
-41.0749,-37.3235
-40.8987,-37.5075
-40.7102,-37.6824
-40.5446,-37.8207
-40.3452,-37.9671
-40.1203,-38.1291
-39.8607,-38.296
-39.5688,-38.4696
-39.2445,-38.6479
-38.9413,-38.7974
-38.643,-38.9275
-38.3127,-39.0583
-37.9505,-39.1885
-37.5562,-39.3161
-37.1286,-39.4401
-36.702,-39.5484
-36.3157,-39.654
-35.9055,-39.7732
-35.4727,-39.9104
-35.0176,-40.0667
-34.541,-40.2436
-34.1118,-40.4168
-33.7239,-40.5653
-33.3785,-40.6893
-33.0042,-40.8121
-32.6007,-40.933
-32.1679,-41.0498
-31.7773,-41.1421
-31.3552,-41.2277
-30.9078,-41.3281
-30.4363,-41.4429
-29.9437,-41.5743
-29.498,-41.7061
-29.0957,-41.8163
-28.738,-41.906
-28.4243,-41.9735
-28.0818,-42.0362
-27.7103,-42.093
-27.3093,-42.1421
-26.9238,-42.1764
-26.5077,-42.1998
-26.0642,-42.2337
-25.5945,-42.2781
-25.0994,-42.3356
-24.5818,-42.4076
-24.1132,-42.4852
-23.62,-42.5804
-23.176,-42.6789
-22.7814,-42.7803
-22.4361,-42.8827
-22.0676,-43.0048
-21.6763,-43.1469
-21.263,-43.3108
-20.8285,-43.4972
-20.3736,-43.707
-19.8993,-43.941
-19.4702,-44.1678
-19.0795,-44.3657
-18.7286,-44.535
-18.4163,-44.6735
-18.143,-44.782
-17.9089,-44.8613
-17.645,-44.9402
-17.351,-45.0178
-17.0258,-45.0914
-16.6691,-45.1604
-16.2789,-45.2223
-15.8575,-45.2981
-15.4784,-45.3742
-15.0627,-45.4448
-14.6224,-45.5313
-14.1564,-45.6333
-13.7313,-45.7155
-13.3521,-45.7799
-12.9444,-45.8376
-12.5082,-45.8877
-12.0441,-45.9286
-11.6258,-45.9524
-11.253,-45.9598
-10.9224,-45.953
-10.6188,-45.9336
-10.3445,-45.903
-10.0891,-45.8612
-9.86294,-45.8108
-9.64181,-45.7478
-9.37796,-45.6859
-9.08949,-45.6041
-8.77419,-45.5072
-8.43017,-45.4069
-8.05769,-45.3081
-7.65712,-45.2113
-7.22782,-45.119
-6.76803,-45.0323
-6.33619,-44.9416
-5.95322,-44.8529
-5.61952,-44.7647
-5.33482,-44.6773
-5.09547,-44.5909
-4.86129,-44.4941
-4.66668,-44.3997
-4.46373,-44.2874
-4.22893,-44.1721
-3.96806,-44.0474
-3.6773,-43.9239
-3.36035,-43.7941
-3.01314,-43.6672
-2.63739,-43.5393
-2.23129,-43.4149
-1.79513,-43.2941
-1.39927,-43.1985
-1.04596,-43.1062
-0.741056,-43.0196
-0.485452,-42.9362
-0.27843,-42.8582
-0.118099,-42.7828
0.0661449,-42.693
0.270938,-42.575
0.508153,-42.4593
0.770256,-42.3323
1.06064,-42.2025
1.37892,-42.0698
1.72647,-41.9371
2.10338,-41.8048
2.51043,-41.6749
2.94462,-41.5495
3.33719,-41.45
3.76014,-41.3569
4.19779,-41.2738
4.58838,-41.1923
5.00497,-41.0977
5.44986,-41.0074
5.923,-40.9221
6.42479,-40.8437
6.92704,-40.7779
7.38452,-40.7311
7.79828,-40.7026
8.1667,-40.6699
8.56097,-40.6269
8.97822,-40.5702
9.34644,-40.5089
9.73962,-40.431
10.1576,-40.3363
10.5999,-40.223
11.0659,-40.0901
11.5033,-39.9515
11.8925,-39.8138
12.2343,-39.6781
12.5307,-39.5461
12.7865,-39.4175
13.0084,-39.291
13.199,-39.1665
13.3787,-39.0549
13.5894,-38.9346
13.8191,-38.7936
14.0665,-38.6293
14.3318,-38.4419
14.6129,-38.2283
14.9099,-37.9888
15.2208,-37.7214
15.545,-37.4257
15.8645,-37.116
16.1406,-36.8289
16.374,-36.5653
16.5673,-36.3256
16.7429,-36.1166
16.9431,-35.8907
17.1545,-35.6391
17.3749,-35.36
17.5863,-35.075
17.8045,-34.7608
18.0291,-34.4171
18.2583,-34.0429
18.4777,-33.6596
18.6619,-33.3101
18.8119,-32.9951
18.9312,-32.7127
19.0507,-32.3996
19.1702,-32.0558
19.287,-31.6807
19.4002,-31.2744
19.5068,-30.8419
19.5887,-30.4513
19.6467,-30.1031
19.6834,-29.7963
19.7117,-29.4588
19.7311,-29.0895
19.7609,-28.6877
19.8012,-28.2585
19.8474,-27.8745
19.8929,-27.4538
19.9531,-27.0078
20.0277,-26.5366
20.1192,-26.0394
20.1932,-25.587
20.2512,-25.181
20.2918,-24.8212
20.3151,-24.5076
20.3293,-24.1656
20.3337,-23.7954
20.3261,-23.3968
20.3056,-22.9871
20.2701,-22.5483
20.241,-22.081
20.2189,-21.5863
20.2063,-21.0646
20.2061,-20.5648
20.2183,-20.1128
20.2423,-19.7089
20.281,-19.2768
20.3127,-18.8165
20.3334,-18.3932
20.3417,-18.0166
20.3389,-17.6113
20.3456,-17.1787
20.3618,-16.7192
20.3905,-16.2314
20.4093,-15.7175
20.4164,-15.2517
20.4118,-14.8338
20.3946,-14.3889
20.3642,-13.9171
20.3239,-13.4933
20.2745,-13.1177
20.2083,-12.715
20.1468,-12.2834
20.0899,-11.8241
20.0403,-11.3371
19.9999,-10.822
19.9754,-10.353
19.9667,-9.92932
19.9587,-9.54344
19.9419,-9.13093
19.9137,-8.69616
19.8777,-8.31011
19.8339,-7.97278
19.775,-7.60964
19.7005,-7.22084
19.6083,-6.80686
19.4975,-6.36823
19.3673,-5.90746
19.2369,-5.49563
19.1071,-5.13295
18.9794,-4.81789
18.8543,-4.54702
18.7233,-4.2427
18.5714,-3.91798
18.3983,-3.57299
18.2018,-3.20872
17.9812,-2.8258
17.7354,-2.42519
17.4635,-2.00782
17.2037,-1.63332
16.9579,-1.30355
16.7271,-1.01684
16.5106,-0.769462
16.3068,-0.557729
16.131,-0.367819
15.9812,-0.198259
15.8212,-0.0003791
15.6349,0.210318
15.4276,0.437921
15.1911,0.675461
14.9307,0.927357
14.6404,1.18838
14.3222,1.45984
14.0222,1.69777
13.7362,1.90679
13.4644,2.08887
13.2048,2.24663
12.9605,2.37941
12.6853,2.51606
12.383,2.6543
12.113,2.76106
11.8277,2.85978
11.5771,2.93204
11.3045,2.99608
11.0708,3.03888
10.8134,3.06984
10.5973,3.08556
10.356,3.08648
10.0843,3.08265
9.78063,3.06303
9.44486,3.03144
9.07825,3.00297
8.68944,2.98003
8.34816,2.96782
8.0541,2.96641
7.73299,2.97551
7.38481,2.9953
7.00882,3.02883
6.67823,3.07152
6.39366,3.10441
6.15622,3.12585
5.96592,3.13419
5.81612,3.13225
5.65107,3.11724
5.53066,3.10401
5.37,3.08063
5.17872,3.05258
4.95688,3.02068
4.70631,3.00112
4.45141,2.98188
4.16263,2.97728
3.84703,2.9748
3.50374,2.98833
3.13196,3.01203
2.8045,3.04803
2.52297,3.07436
2.28869,3.09144
2.10094,3.09481
1.94275,3.09358
1.7741,3.07363
1.57716,3.05547
1.35196,3.0344
1.09913,3.02386
0.81956,3.01452
0.512915,3.02062
0.179564,3.03118
-0.180736,3.05808
-0.56793,3.09629
-0.983073,3.15111
-1.35834,3.19246
-1.68632,3.22267
-1.96716,3.23806
-2.20084,3.24105
-2.39431,3.23
-2.59454,3.21291
-2.82409,3.17737
-3.08292,3.15643
-3.36901,3.13375
-3.68241,3.11863
-4.02289,3.11105
-4.39061,3.114
-4.78558,3.128
-5.20774,3.15519
-5.65825,3.19707
-6.06725,3.2492
-6.43021,3.28957
-6.74593,3.3183
-7.01448,3.33233
-7.23583,3.33416
-7.41832,3.32185
-7.61117,3.30489
-7.83328,3.26859
-8.08478,3.24675
-8.36356,3.22281
-8.66969,3.20626
-9.00294,3.19688
-9.36347,3.19793
-9.75129,3.20963
-10.1664,3.23438
-10.6099,3.27354
-11.0252,3.30143
-11.3928,3.31913
-11.7128,3.32427
-11.9853,3.31755
-12.2151,3.29962
-12.4439,3.27113
-12.6327,3.23397
-12.8501,3.18198
-13.0977,3.13378
-13.3732,3.08511
-13.6771,3.04468
-14.0081,3.00544
-14.3673,2.97706
-14.7542,2.95488
-15.1694,2.94434
-15.6127,2.94494
-16.0834,2.95868
-16.507,2.98441
-16.8842,3.02181
-17.2179,3.04857
-17.5041,3.06513
-17.7427,3.06853
-18.0098,3.0645
-18.3042,3.06663
-18.6251,3.07998
-18.9723,3.10207
-19.3457,3.13801
-19.7467,3.18729
-20.1852,3.23117
-20.6464,3.26816
-21.0604,3.29077
-21.4271,3.29917
-21.7465,3.29403
-22.0188,3.27685
-22.2497,3.24899
-22.4779,3.20993
-22.7332,3.15674
-23.0168,3.08705
-23.3306,3.0182
-23.6728,2.95066
-24.043,2.88724
-24.4412,2.82891
-24.8676,2.77774
-25.3224,2.7351
-25.8058,2.70243
-26.2443,2.68572
-26.6363,2.68449
-26.9823,2.69711
-27.2835,2.72196
-27.5406,2.73841
-27.8249,2.74923
-28.1362,2.75029
-28.4744,2.74322
-28.8395,2.72346
-29.2315,2.69175
-29.6503,2.64518
-30.0954,2.58308
-30.5663,2.50404
-30.9912,2.41916
-31.3689,2.32929
-31.7001,2.23636
-31.987,2.14175
-32.2352,2.04528
-32.4627,1.96274
-32.6526,1.89908
-32.8709,1.8369
-33.1164,1.77258
-33.3921,1.71566
-33.6951,1.65679
-34.0288,1.60842
-34.3931,1.56509
-34.7847,1.51168
-35.2018,1.44607
-35.6436,1.36644
-36.0364,1.28447
-36.3804,1.20035
-36.6763,1.11502
-36.9267,1.02932
-37.2005,0.92436
-37.4973,0.799739
-37.8161,0.652539
-38.1564,0.482529
-38.5168,0.287813
-38.8963,0.0678066
-39.2936,-0.178299
-39.7074,-0.450873
-40.0745,-0.708984
-40.3947,-0.951541
-40.6688,-1.17664
-40.9566,-1.42895
-41.2578,-1.70861
-41.5201,-1.97075
-41.7489,-2.21958
-41.9463,-2.45412
-42.1168,-2.67794
-42.2602,-2.88824
-42.3826,-3.09211
-42.4798,-3.27927
-42.5808,-3.4988
-42.6902,-3.74747
-42.7979,-4.03088
-42.9075,-4.34562
-42.9869,-4.62536
-43.0624,-4.93778
-43.1339,-5.27956
-43.1813,-5.58381
-43.2159,-5.89771
-43.232,-6.17234
-43.235,-6.4642
-43.2249,-6.71323
-43.1985,-6.97656
-43.1656,-7.1962
-43.1134,-7.43046
-43.0601,-7.62075
-42.9856,-7.82317
-42.9157,-7.98267
-42.825,-8.15895
-42.7441,-8.29203
-42.6506,-8.44718
-42.5435,-8.62731
-42.4062,-8.82513
-42.2453,-9.0434
-42.0649,-9.26417
-41.8581,-9.50291
-41.6206,-9.75589
-41.3538,-10.0229
-41.056,-10.3014
-40.732,-10.5857
-40.4329,-10.8287
-40.1595,-11.0309
-39.9101,-11.1974
-39.664,-11.3458
-39.3874,-11.4998
-39.0797,-11.6581
-38.7402,-11.8187
-38.3689,-11.9803
-37.9758,-12.1366
-37.6204,-12.2626
-37.3027,-12.3591
-37.0165,-12.4312
-36.741,-12.4871
-36.4349,-12.538
-36.098,-12.5828
-35.7288,-12.619
-35.3249,-12.6454
-34.8905,-12.6823
-34.4298,-12.7292
-33.9437,-12.789
-33.4323,-12.8634
-32.9262,-12.9496
-32.468,-13.0407
-32.054,-13.1375
-31.6846,-13.2165
-31.3611,-13.2785
-31.0092,-13.3349
-30.6291,-13.3855
-30.2577,-13.4226
-29.8561,-13.4504
-29.4176,-13.4767
-28.951,-13.5139
-28.4559,-13.5635
-27.9631,-13.6006
-27.5176,-13.624
-27.1196,-13.6335
-26.7688,-13.6293
-26.4639,-13.6127
-26.1282,-13.5823
-25.7639,-13.5586
-25.3722,-13.5406
-24.9535,-13.5318
-24.5078,-13.5332
-24.0349,-13.5466
-23.5351,-13.5734
-23.0086,-13.6148
-22.53,-13.6654
-22.0988,-13.7249
-21.7103,-13.7929
-21.3674,-13.8463
-20.9969,-13.8963
-20.5986,-13.9389
-20.1836,-13.9726
-19.739,-13.9962
-19.2675,-14.0308
-18.7701,-14.0765
-18.2472,-14.1359
-17.7232,-14.2076
-17.2483,-14.2853
-16.8227,-14.3682
-16.4461,-14.455
-16.0439,-14.5609
-15.6126,-14.6648
-15.2241,-14.7501
-14.8059,-14.8313
-14.3632,-14.9276
-13.8965,-15.039
-40.9539,-36.8126
-40.9171,-36.8619
-40.855,-36.924
-40.7851,-37.0198
-40.6978,-37.1376
-40.5902,-37.291
-40.4616,-37.467
-40.3157,-37.6662
-40.1475,-37.8828
-39.9552,-38.1145
-39.745,-38.3548
-39.5575,-38.5515
-39.3908,-38.7108
-39.2066,-38.8704
-39.0483,-38.994
-38.8613,-39.1203
-38.6515,-39.2634
-38.4072,-39.4092
-38.1307,-39.56
-37.8229,-39.7158
-37.4821,-39.8732
-37.1405,-40.016
-36.8315,-40.1284
-36.5285,-40.2232
-36.1942,-40.3157
-35.8284,-40.4041
-35.4312,-40.487
-35.0013,-40.5627
-34.5338,-40.6369
-34.0997,-40.7136
-33.7124,-40.7895
-33.3735,-40.8664
-33.0102,-40.9604
-32.6216,-41.0728
-32.204,-41.1843
-31.7868,-41.2869
-31.3396,-41.3857
-30.8681,-41.5009
-30.3712,-41.633
-29.9135,-41.743
-29.5006,-41.8324
-29.1322,-41.9007
-28.8083,-41.9482
-28.5273,-41.9763
-28.2789,-41.9875
-28.0024,-42.0085
-27.6991,-42.04
-27.3683,-42.0841
-27.007,-42.1432
-26.6254,-42.196
-26.2148,-42.2436
-25.7788,-42.3045
-25.3178,-42.3791
-24.8321,-42.4694
-24.3947,-42.5632
-24.0066,-42.6597
-23.5949,-42.7752
-23.2303,-42.8908
-22.9126,-43.0066
-22.6357,-43.1017
-22.4024,-43.1761
-22.1388,-43.2481
-21.8529,-43.339
-21.5432,-43.4429
-21.2125,-43.5686
-20.8593,-43.7115
-20.4856,-43.8771
-20.0912,-44.0646
-19.6761,-44.2768
-19.2877,-44.4654
-18.9395,-44.6265
-18.6307,-44.758
-18.3613,-44.8604
-18.1295,-44.9354
-17.9157,-44.9918
-17.6719,-45.0467
-17.3967,-45.0987
-17.088,-45.1454
-16.7477,-45.2064
-16.3815,-45.2793
-15.9903,-45.3674
-15.6448,-45.4558
-15.2655,-45.5423
-14.8546,-45.6485
-14.4151,-45.7504
-14.0099,-45.8346
-13.6479,-45.8984
-13.3285,-45.9423
-12.9801,-45.9787
-12.6028,-46.007
-12.1964,-46.0249
-11.7614,-46.0314
-11.3695,-46.0236
-11.0133,-46.0021
-10.6895,-45.9689
-10.3947,-45.925
-10.1273,-45.8717
-9.88245,-45.8089
-9.65113,-45.7553
-9.38975,-45.7026
-9.10183,-45.636
-8.78674,-45.5507
-8.44269,-45.4682
-8.07085,-45.3866
-7.66901,-45.3102
-7.23388,-45.2392
-6.77348,-45.1542
-6.36165,-45.0691
-5.99885,-44.9834
-5.68468,-44.897
-5.41398,-44.8098
-5.1546,-44.7137
-4.9336,-44.6183
-4.70458,-44.5061
-4.51831,-44.4012
-4.32233,-44.2935
-4.09522,-44.1877
-3.84378,-44.0709
-3.56212,-43.9562
-3.25413,-43.8353
-2.91517,-43.7187
-2.54734,-43.6014
-2.14876,-43.4885
-1.71938,-43.3797
-1.33004,-43.2954
-0.987848,-43.2159
-0.694034,-43.1413
-0.449572,-43.0687
-0.253696,-43.0008
-0.104659,-42.9336
0.0696833,-42.856
0.264717,-42.7498
0.490976,-42.6437
0.742614,-42.527
1.02414,-42.4119
1.33176,-42.2905
1.66983,-42.173
2.03628,-42.0542
2.43319,-41.9397
2.85974,-41.829
3.24555,-41.743
3.66541,-41.664
4.10815,-41.5715
4.50205,-41.4811
4.92109,-41.3746
5.36868,-41.2713
5.84442,-41.1716
6.34881,-41.0777
6.85958,-40.9952
7.32668,-40.9329
7.75503,-40.867
8.13436,-40.8005
8.53821,-40.7186
8.9568,-40.622
9.32623,-40.5239
9.71908,-40.4063
10.1352,-40.2692
10.5741,-40.1108
11.0354,-39.93
11.4959,-39.7346
11.9094,-39.544
12.2771,-39.3585
12.609,-39.199
12.9006,-39.0667
13.1528,-38.964
13.3647,-38.8886
13.6082,-38.8143
13.8741,-38.7204
14.1641,-38.6139
14.4742,-38.4852
14.8066,-38.3406
15.1585,-38.1726
15.5302,-37.9837
15.8544,-37.8039
16.1347,-37.6329
16.3918,-37.4608
16.6143,-37.2959
16.8214,-37.1262
16.991,-36.9699
17.1549,-36.8004
17.2814,-36.6531
17.4169,-36.4721
17.5705,-36.2681
17.7297,-36.0289
17.8949,-35.7563
18.0658,-35.4542
18.2012,-35.1812
18.338,-34.8752
18.477,-34.5374
18.6147,-34.1668
18.7503,-33.7641
18.8769,-33.3443
18.9763,-32.9648
19.069,-32.5532
19.1557,-32.1088
19.2573,-31.6361
19.3737,-31.138
19.4906,-30.6866
19.5865,-30.2773
19.6633,-29.9131
19.7346,-29.5203
19.7997,-29.0987
19.8568,-28.6481
19.8954,-28.2415
19.9159,-27.8789
19.9253,-27.4863
19.9445,-27.0661
19.9731,-26.6196
20.0141,-26.1471
20.0687,-25.6507
20.1308,-25.2018
20.1786,-24.7906
20.213,-24.4266
20.239,-24.0348
20.2557,-23.6152
20.2606,-23.1858
20.252,-22.8036
20.2293,-22.3925
20.2145,-21.9531
20.2072,-21.4868
20.2102,-20.9936
20.2249,-20.5075
20.2506,-20.0696
20.2868,-19.6785
20.3393,-19.257
20.3859,-18.8068
20.4198,-18.3995
20.44,-18.0383
20.4503,-17.6485
20.4498,-17.2298
20.4362,-16.7806
20.408,-16.2999
20.3686,-15.7838
20.3183,-15.3093
20.2579,-14.8773
20.2024,-14.4124
20.1309,-13.9226
20.0552,-13.4816
19.9756,-13.0897
19.8777,-12.6721
19.7828,-12.2257
19.6912,-11.7513
19.6054,-11.2485
19.527,-10.7172
19.4679,-10.2313
19.4275,-9.79114
19.3979,-9.32251
19.3797,-8.82905
19.3548,-8.38335
19.3249,-7.9864
19.282,-7.56215
19.2246,-7.11188
19.1515,-6.63593
19.0617,-6.13692
18.9675,-5.68693
18.8696,-5.28613
18.7692,-4.93318
18.6676,-4.62629
18.5844,-4.35638
18.5002,-4.05616
18.4004,-3.73264
18.2826,-3.38668
18.146,-3.01849
17.9886,-2.62871
17.8095,-2.21787
17.6116,-1.79631
17.4216,-1.42312
17.2405,-1.09825
17.07,-0.820408
16.9093,-0.584265
16.7496,-0.372733
16.5989,-0.195224
16.4443,-0.03371
16.305,0.0929415
16.1343,0.231277
15.9412,0.388633
15.7131,0.552858
15.4523,0.724933
15.1601,0.905274
14.8346,1.08999
14.4765,1.27828
14.0857,1.46814
13.6617,1.65834
13.271,1.81742
12.9156,1.96908
12.6063,2.10779
12.2759,2.26802
11.9198,2.42932
11.6042,2.56302
11.3287,2.66788
11.0928,2.74551
10.8748,2.80437
10.6625,2.85109
10.4672,2.87884
10.2687,2.90106
10.0378,2.91116
9.7776,2.92232
9.4857,2.91809
9.16171,2.90058
8.79785,2.89129
8.47797,2.88785
8.19503,2.89217
7.93394,2.90572
7.64634,2.92992
7.33216,2.96688
6.99011,3.01808
6.69229,3.05698
6.4411,3.08485
6.23406,3.0969
6.04763,3.10308
5.86953,3.09057
5.72664,3.0795
5.55971,3.04843
5.36319,3.01317
5.13635,2.97343
4.88081,2.94058
4.60043,2.90828
4.29207,2.8878
3.95684,2.86966
3.59365,2.86509
3.20295,2.86908
2.85656,2.88665
2.55401,2.91582
2.29077,2.93595
2.07465,2.94717
1.90358,2.94638
1.74487,2.94113
1.55747,2.91713
1.34249,2.91132
1.10073,2.90381
0.832085,2.91102
0.536934,2.92036
0.215149,2.94712
-0.133384,2.98293
-0.508351,3.036
-0.91101,3.10423
-1.26895,3.15892
-1.58024,3.20079
-1.8453,3.22617
-2.06628,3.23813
-2.28053,3.23664
-2.45687,3.22861
-2.65332,3.20215
-2.8791,3.17489
-3.13419,3.14471
-3.41728,3.11776
-3.7279,3.09928
-4.06554,3.08626
-4.43054,3.08458
-4.82278,3.09247
-5.24235,3.11353
-5.68917,3.14822
-6.09821,3.19358
-6.46107,3.22782
-6.77651,3.25111
-7.04459,3.26047
-7.26564,3.25844
-7.45736,3.24318
-7.64842,3.22289
-7.86845,3.18278
-8.11812,3.15684
-8.39501,3.12827
-8.69938,3.1065
-9.03099,3.09154
-9.39005,3.08641
-9.77657,3.09151
-10.1906,3.10915
-10.6319,3.14034
-11.0777,3.1853
-11.4771,3.2185
-11.829,3.24116
-12.1334,3.25037
-12.3902,3.24744
-12.5994,3.23232
-12.8375,3.207
-13.1041,3.18593
-13.3984,3.17269
-13.7195,3.16547
-14.0677,3.16926
-14.4428,3.18259
-14.8448,3.20922
-15.2751,3.24977
-15.7348,3.30669
-16.1487,3.35022
-16.5152,3.38203
-16.8345,3.39945
-17.1066,3.40321
-17.3314,3.39393
-17.5107,3.37384
-17.6983,3.34182
-17.9151,3.3003
-18.1616,3.25639
-18.437,3.22288
-18.7392,3.18775
-19.0694,3.16351
-19.4267,3.14333
-19.812,3.13552
-20.225,3.13734
-20.6657,3.15233
-21.1125,3.1807
-21.523,3.19912
-21.8856,3.20849
-22.2002,3.20633
-22.4667,3.19352
-22.7603,3.16875
-23.0823,3.13171
-23.4329,3.09894
-23.8111,3.07229
-24.2166,3.05347
-24.6493,3.04422
-25.1095,3.04614
-25.5983,3.06102
-26.0413,3.06562
-26.4359,3.06202
-26.7824,3.04825
-27.0806,3.02466
-27.3313,2.99239
-27.5433,2.95216
-27.7832,2.8971
-28.0525,2.84468
-28.3499,2.79383
-28.6753,2.74891
-29.0283,2.70855
-29.4094,2.67677
-29.8201,2.65367
-30.2633,2.61873
-30.7323,2.57266
-31.1523,2.52068
-31.5235,2.46302
-31.8459,2.4003
-32.1202,2.33387
-32.3508,2.26443
-32.5559,2.18942
-32.7865,2.095
-33.0471,1.99827
-33.3356,1.89826
-33.6528,1.79946
-33.9978,1.70054
-34.372,1.6054
-34.7767,1.51394
-35.2127,1.40495
-35.6708,1.28098
-36.0795,1.15926
-36.439,1.04
-36.7492,0.923856
-37.0107,0.812262
-37.2949,0.678637
-37.6085,0.541393
-37.9514,0.399661
-38.3261,0.256851
-38.7218,0.0944325
-39.1386,-0.0869931
-39.5754,-0.289748
-39.9647,-0.483784
-40.3061,-0.668463
-40.6005,-0.84257
-40.8511,-1.00605
-41.119,-1.19447
-41.4036,-1.40788
-41.6459,-1.60725
-41.8722,-1.81149
-42.0616,-2.00031
-42.2459,-2.20354
-42.3924,-2.3834
-42.534,-2.5823
-42.6433,-2.75144
-42.7486,-2.94609
-42.8648,-3.16939
-42.9821,-3.4279
-43.1051,-3.71777
-43.2226,-4.03342
-43.3105,-4.31311
-43.3696,-4.55973
-43.4264,-4.83809
-43.4779,-5.14875
-43.5203,-5.47794
-43.5416,-5.76849
-43.5504,-6.07541
-43.5441,-6.34102
-43.5227,-6.62468
-43.4925,-6.86492
-43.444,-7.12113
-43.3927,-7.3333
-43.3208,-7.55927
-43.2511,-7.74158
-43.159,-7.93545
-43.0754,-8.08712
-42.9714,-8.25949
-42.8803,-8.3884
-42.7788,-8.51963
-42.6641,-8.67608
-42.5172,-8.84749
-42.3415,-9.0354
-42.1396,-9.24112
-41.9067,-9.45758
-41.6442,-9.6874
-41.3493,-9.92694
-41.0227,-10.1752
-40.6643,-10.4304
-40.3168,-10.66
-39.9979,-10.8528
-39.7058,-11.0121
-39.4336,-11.1451
-39.1304,-11.28
-38.7963,-11.4166
-38.4305,-11.5522
-38.0328,-11.686
-37.6026,-11.8161
-37.207,-11.9204
-36.8533,-12.0199
-36.5474,-12.1122
-36.2178,-12.2231
-35.8609,-12.3543
-35.4753,-12.4865
-35.1283,-12.5966
-34.7526,-12.705
-34.3479,-12.8102
-33.9137,-12.9107
-33.4497,-13.0051
-33.0128,-13.0808
-32.6172,-13.1354
-32.2609,-13.1708
-31.9369,-13.1895
-31.6406,-13.1929
-31.3718,-13.2015
-31.0763,-13.2182
-30.7549,-13.247
-30.4064,-13.287
-30.0324,-13.3419
-29.6327,-13.4116
-29.2066,-13.4989
-28.7441,-13.5832
-28.2588,-13.6625
-27.8195,-13.7236
-27.4261,-13.7665
-27.0788,-13.7918
-26.7778,-13.8008
-26.5222,-13.7952
-26.2381,-13.7785
-25.9243,-13.7498
-25.5692,-13.7252
-25.182,-13.7077
-24.7648,-13.6989
-24.3205,-13.7003
-23.8493,-13.7134
-23.3511,-13.7398
-22.8264,-13.7807
-22.3489,-13.8313
-21.9141,-13.8918
-21.5254,-13.9388
-21.1094,-13.9811
-20.6656,-14.0149
-20.2606,-14.0343
-19.8264,-14.0423
-19.3649,-14.0605
-18.8771,-14.0888
-18.3633,-14.1297
-17.8238,-14.1849
-17.3331,-14.2476
-16.8916,-14.3173
-16.4992,-14.3925
-16.0808,-14.486
-15.6335,-14.5762
-15.2191,-14.6513
-14.7751,-14.7208
-14.3061,-14.8048
-13.8127,-14.9031
-13.2952,-15.0181
-12.8268,-15.1346
