-0.0542032,1.49185
-0.120087,1.47309
-0.213817,1.45806
-0.339384,1.42407
-0.493867,1.38036
-0.676657,1.33041
-0.889309,1.29399
-1.12799,1.25182
-1.39545,1.22015
-1.68955,1.187
-2.01264,1.16729
-2.36365,1.15313
-2.73091,1.15281
-3.12637,1.16341
-3.54985,1.18798
-4.00084,1.22712
-4.47873,1.28213
-4.98422,1.35445
-5.45971,1.41279
-5.88837,1.4573
-6.27019,1.48656
-6.60566,1.50008
-6.91046,1.50014
-7.21511,1.48834
-7.47894,1.46519
-7.75842,1.42834
-8.06676,1.37848
-8.40464,1.33025
-8.77064,1.28692
-9.16415,1.24925
-9.58528,1.21961
-10.0341,1.19937
-10.5108,1.19012
-11.0151,1.19317
-11.4718,1.20886
-11.882,1.2369
-12.2472,1.27595
-12.5659,1.30415
-12.9133,1.32719
-13.2893,1.3618
-13.6943,1.3884
-14.127,1.40695
-14.588,1.41492
-15.0788,1.41066
-15.5592,1.41689
-15.9979,1.43177
-16.4093,1.45736
-16.7737,1.47215
-17.0902,1.47754
-17.3592,1.47101
-17.6131,1.45515
-17.8954,1.42581
-18.2062,1.40449
-18.5441,1.3869
-18.9093,1.37991
-19.3013,1.38116
-19.7206,1.39472
-20.1668,1.42089
-20.6399,1.46144
-21.1002,1.51439
-21.5177,1.57689
-21.8894,1.62607
-22.2141,1.66224
-22.4919,1.68259
-22.7988,1.6956
-23.1326,1.71808
-23.4924,1.75128
-23.8779,1.797
-24.289,1.85683
-24.727,1.93288
-25.1981,2.00414
-25.6745,2.06691
-26.1046,2.11278
-26.4922,2.14218
-26.8688,2.15829
-27.2053,2.16014
-27.5361,2.14904
-27.8961,2.12556
-28.2846,2.10843
-28.7004,2.09823
-29.1431,2.09758
-29.6126,2.10801
-30.109,2.13118
-30.632,2.16842
-31.108,2.21549
-31.5386,2.27226
-31.9229,2.31585
-32.26,2.34676
-32.5501,2.36258
-32.8677,2.37017
-33.2075,2.36721
-33.5374,2.35242
-33.8945,2.32421
-34.2605,2.2834
-34.6136,2.23023
-34.9867,2.16117
-35.3354,2.08304
-35.7078,1.98592
-36.0876,1.874
-36.4329,1.75743
-36.7953,1.62086
-37.1142,1.48632
-37.3844,1.35577
-37.6072,1.23254
-37.8492,1.08558
-38.1029,0.9204
-38.3743,0.727699
-38.6636,0.509322
-38.9683,0.262144
-39.2876,-0.0135084
-39.62,-0.318532
-39.9648,-0.654319
-40.3058,-0.974777
-40.6453,-1.28325
-40.9572,-1.55246
-41.2273,-1.79654
-41.4563,-2.01399
-41.6426,-2.2065
-41.7882,-2.37199
-41.8917,-2.51196
-41.9605,-2.61941
-41.9889,-2.70876
-42.062,-2.8234
-42.1239,-2.95644
-42.1994,-3.11333
-42.2629,-3.28789
-42.3355,-3.49058
-42.4039,-3.72849
-42.4758,-3.99724
-42.5413,-4.30056
-42.6032,-4.63629
-42.6407,-4.9317
-42.6555,-5.18522
-42.652,-5.39535
-42.6374,-5.63611
-42.615,-5.90703
-42.5754,-6.20824
-42.5227,-6.5388
-42.4511,-6.89691
-42.3678,-7.24182
-42.2693,-7.58689
-42.165,-7.89905
-42.0421,-8.22356
-41.9223,-8.50043
-41.8054,-8.72894
-41.6966,-8.91068
-41.5945,-9.04474
-41.4754,-9.20268
-41.3242,-9.37646
-41.1491,-9.57023
-40.9415,-9.77784
-40.7057,-10.0013
-40.4373,-10.2359
-40.1375,-10.4812
-39.8058,-10.7347
-39.4787,-10.9666
-39.1803,-11.1592
-38.9124,-11.3139
-38.6773,-11.433
-38.4494,-11.5333
-38.1919,-11.6362
-37.9227,-11.7302
-37.6589,-11.8086
-37.3812,-11.8772
-37.1304,-11.9253
-36.8535,-11.9643
-36.6174,-11.9853
-36.3489,-11.9939
-36.0485,-11.9977
-35.7174,-12.0059
-35.3588,-12.0228
-34.9739,-12.0495
-34.5617,-12.0884
-34.1218,-12.1196
-33.6583,-12.1426
-33.2421,-12.152
-32.8716,-12.1482
-32.5079,-12.132
-32.1818,-12.105
-31.8417,-12.0642
-31.5469,-12.0161
-31.2246,-11.9499
-30.8727,-11.8881
-30.4929,-11.8278
-30.0853,-11.7738
-29.6497,-11.7265
-29.186,-11.688
-28.6941,-11.6596
-28.174,-11.6427
-27.6343,-11.6385
-27.1423,-11.6477
-26.6975,-11.6697
-26.2988,-11.7032
-25.8706,-11.7303
-25.4167,-11.7716
-24.9356,-11.8268
-24.4263,-11.875
-23.8982,-11.9149
-23.4172,-11.94
-22.9831,-11.9505
-22.59,-11.9472
-22.1945,-11.9311
-21.8434,-11.9042
-21.4858,-11.8636
-21.1002,-11.808
-20.6856,-11.7565
-20.2433,-11.71
-19.7735,-11.6711
-19.2759,-11.6414
-18.7505,-11.6225
-18.1974,-11.6157
-17.6156,-11.6224
-17.0752,-11.6426
-16.5822,-11.6518
-16.1375,-11.6514
-15.6645,-11.6395
-15.1642,-11.637
-14.6373,-11.6442
-14.0837,-11.6634
-13.511,-11.6959
-12.9852,-11.7387
-12.5044,-11.7684
-12.0713,-11.7864
-11.6859,-11.7913
-11.348,-11.7832
-10.9815,-11.7626
-10.5869,-11.7496
-10.1652,-11.7438
-9.72004,-11.7483
-9.2747,-11.7641
-8.87525,-11.7905
-8.51638,-11.8271
-8.18695,-11.8736
-7.88673,-11.929
-7.60846,-11.9934
-7.35311,-12.0659
-7.10307,-12.1498
-6.88714,-12.2365
-6.64764,-12.3451
-6.38394,-12.4724
-6.09903,-12.6262
-5.79241,-12.803
-5.46682,-13.0069
-5.18668,-13.1997
-4.9475,-13.3839
-4.71619,-13.5785
-4.46977,-13.8007
-4.21062,-14.0506
-3.99135,-14.2823
-3.7935,-14.5134
-3.62955,-14.7259
-3.47428,-14.9503
-3.30907,-15.2039
-3.13888,-15.4902
-2.96258,-15.8075
-2.78464,-16.1564
-2.64038,-16.4713
-2.52966,-16.7516
-2.44261,-17.0105
-2.36315,-17.2848
-2.30979,-17.5204
-2.27571,-17.7423
-2.25671,-17.9375
-2.25439,-18.1408
-2.25905,-18.3035
-2.27007,-18.5018
-2.29541,-18.6551
-2.32956,-18.84
-2.37678,-19.0544
-2.43869,-19.2982
-2.51921,-19.5704
-2.61837,-19.8703
-2.74006,-20.1961
-2.88435,-20.5467
-3.0486,-20.9088
-3.2082,-21.2233
-3.36163,-21.4898
-3.50787,-21.7137
-3.65536,-21.9145
-3.79211,-22.0757
-3.95623,-22.2536
-4.146,-22.449
-4.36745,-22.657
-4.61726,-22.8794
-4.89956,-23.1115
-5.20985,-23.3501
-5.49357,-23.549
-5.74935,-23.7086
-6.03639,-23.8734
-6.35438,-24.043
-6.70445,-24.215
-7.08634,-24.3882
-7.50013,-24.5609
-7.94554,-24.732
-8.42224,-24.9002
-8.92981,-25.0644
-9.39653,-25.2014
-9.8215,-25.3117
-10.2039,-25.397
-10.5428,-25.4591
-10.9114,-25.5143
-11.3094,-25.5623
-11.7369,-25.6009
-12.1936,-25.6291
-12.6792,-25.6457
-13.1932,-25.6494
-13.6606,-25.6395
-14.0818,-25.6163
-14.4558,-25.6022
-14.7819,-25.597
-15.0598,-25.6033
-15.2902,-25.6188
-15.5219,-25.6464
-15.782,-25.684
-16.0708,-25.7211
-16.3876,-25.7496
-16.7315,-25.775
-17.103,-25.7894
-17.5018,-25.7959
-17.9282,-25.7901
-18.3822,-25.7718
-18.8545,-25.7394
-19.2833,-25.7185
-19.6643,-25.7071
-19.9973,-25.7077
-20.2824,-25.7196
-20.5198,-25.7419
-20.7857,-25.777
-21.0804,-25.8067
-21.4026,-25.832
-21.7522,-25.8489
-22.1289,-25.8579
-22.5331,-25.8559
-22.9645,-25.8422
-23.4231,-25.8151
-23.9084,-25.7734
-24.3468,-25.7221
-24.7395,-25.6616
-25.0863,-25.6143
-25.3861,-25.5801
-25.7151,-25.5536
-26.0713,-25.5139
-26.4605,-25.4838
-26.884,-25.4613
-27.3372,-25.4271
-27.8181,-25.3808
-28.3306,-25.319
-28.837,-25.2691
-29.2962,-25.2335
-29.7082,-25.2125
-30.0731,-25.2063
-30.3911,-25.2136
-30.738,-25.2334
-31.1147,-25.2454
-31.5177,-25.2711
-31.9472,-25.3091
-32.4044,-25.3626
-32.8908,-25.4329
-33.4057,-25.4979
-33.9085,-25.5518
-34.3669,-25.5899
-34.782,-25.6117
-35.1491,-25.6383
-35.4675,-25.6686
-35.7368,-25.7051
-35.9804,-25.7482
-36.1757,-25.7964
-36.3967,-25.8575
-36.6422,-25.9392
-36.9135,-26.0338
-37.2073,-26.1532
-37.523,-26.2922
-37.8363,-26.4461
-38.1575,-26.6182
-38.4579,-26.7951
-38.7714,-26.9954
-39.0479,-27.1883
-39.3383,-27.4078
-39.5958,-27.619
-39.8076,-27.8134
-39.976,-27.9875
-40.1024,-28.1413
-40.2423,-28.3224
-40.3909,-28.534
-40.5413,-28.7618
-40.693,-29.0191
-40.8526,-29.3073
-41.0145,-29.6294
-41.1789,-29.984
-41.3434,-30.3714
-41.5067,-30.7911
-41.6397,-31.1729
-41.7431,-31.5156
-41.8191,-31.8179
-41.8702,-32.0785
-41.9079,-32.3377
-41.9393,-32.6213
-41.9619,-32.9342
-41.9729,-33.2507
-41.9683,-33.5525
-41.9516,-33.8706
-41.9219,-34.1502
-41.8767,-34.4581
-41.8247,-34.7195
-41.7633,-34.9335
-41.7018,-35.1016
-41.616,-35.2948
-41.521,-35.5159
-41.3981,-35.7596
-41.2483,-36.0253
-41.0752,-36.3131
-40.8796,-36.6097
-40.6871,-36.8744
-40.4679,-37.1522
-40.2621,-37.3903
-40.0301,-37.6366
-39.8196,-37.8407
-39.6293,-38.0007
-39.4649,-38.1212
-39.3236,-38.1997
-39.1597,-38.296
-38.961,-38.3934
-38.7299,-38.4955
-38.4874,-38.5914
-38.21,-38.6866
-37.9001,-38.7838
-37.5558,-38.8766
-37.1785,-38.9653
-36.7687,-39.0474
-36.3275,-39.1215
-35.8555,-39.1865
-35.4277,-39.2311
-35.0449,-39.2562
-34.6863,-39.2655
-34.3154,-39.2629
-33.9857,-39.2471
-33.6325,-39.2172
-33.3208,-39.178
-32.9808,-39.1212
-32.6112,-39.0695
-32.2139,-39.0206
-31.7889,-38.9788
-31.3362,-38.9449
-30.8556,-38.9209
-30.3474,-38.9081
-29.8861,-38.9093
-29.4719,-38.9238
-29.1046,-38.95
-28.7823,-38.9862
-28.4972,-39.0315
-28.2413,-39.0855
-27.9595,-39.1558
-27.6519,-39.2431
-27.3195,-39.3504
-26.9627,-39.4779
-26.5829,-39.6277
-26.1809,-39.8005
-25.7569,-39.9981
-25.3173,-40.1934
-24.9185,-40.3618
-24.5606,-40.5026
-24.243,-40.6149
-23.965,-40.7003
-23.6828,-40.7746
-23.3694,-40.8463
-23.0302,-40.9321
-22.6669,-41.0323
-22.2806,-41.1491
-21.8717,-41.2838
-21.4408,-41.4382
-20.9883,-41.6134
-20.5149,-41.8106
-20.0212,-42.0308
-19.5081,-42.2746
-18.9764,-42.5426
-18.4267,-42.8351
-17.8597,-43.1526
-17.2761,-43.4953
-16.7405,-43.8244
-16.2518,-44.14
-15.7979,-44.4208
-15.3799,-44.6676
-14.9973,-44.8801
-14.6345,-45.0669
-14.2418,-45.255
-13.8688,-45.4196
-13.5066,-45.5647
-13.1632,-45.6881
-12.8594,-45.7827
-12.5959,-45.85
-12.3738,-45.8922
-12.1937,-45.9109
-12.0526,-45.9107
-11.8758,-45.9073
-11.6712,-45.9065
-11.4374,-45.8887
-11.1769,-45.8577
-10.9341,-45.8163
-10.6669,-45.7565
-10.4306,-45.6919
-10.1709,-45.6048
-9.95134,-45.5177
-9.74431,-45.4161
-9.51147,-45.2963
-9.25536,-45.1477
-8.96646,-44.9926
-8.65915,-44.8105
-8.33119,-44.6038
-7.97526,-44.3881
-7.59201,-44.1655
-7.18063,-43.9383
-6.80467,-43.7434
-6.46425,-43.5807
-6.15923,-43.4492
-5.89955,-43.3312
-5.68623,-43.2278
-5.51892,-43.1349
-5.33672,-43.0286
-5.13871,-42.8943
-4.91685,-42.7442
-4.67072,-42.5794
-4.39719,-42.4072
-4.09649,-42.2282
-3.76733,-42.0447
-3.40924,-41.8574
-3.02129,-41.6681
-2.60305,-41.4778
-2.21114,-41.3138
-1.85526,-41.1799
-1.53557,-41.0742
-1.24899,-40.9939
-0.991506,-40.9157
-0.709289,-40.8217
-0.399018,-40.7277
-0.0599593,-40.636
0.308113,-40.5473
0.70577,-40.4638
1.13314,-40.3865
1.59025,-40.317
2.07686,-40.2563
2.51829,-40.2147
2.91488,-40.1917
3.26753,-40.1854
3.64911,-40.1703
4.05796,-40.1661
4.49401,-40.1725
4.95868,-40.192
5.4512,-40.2032
5.97057,-40.2056
6.5167,-40.1968
7.02225,-40.1766
7.50326,-40.1445
7.9452,-40.102
8.35344,-40.0496
8.78873,-39.9806
9.25271,-39.9165
9.74435,-39.8577
10.2653,-39.8069
10.8119,-39.7424
11.3113,-39.6729
11.7623,-39.5989
12.1767,-39.5184
12.5872,-39.4257
12.9506,-39.3305
13.2951,-39.2265
13.6122,-39.1175
13.9518,-38.9877
14.3089,-38.8388
14.6184,-38.6945
14.9454,-38.5273
15.2855,-38.3403
15.5824,-38.1607
15.8953,-37.9557
16.171,-37.7596
16.457,-37.5391
16.7014,-37.3343
16.9512,-37.1065
17.1602,-36.8987
17.3742,-36.6657
17.5482,-36.4582
17.6791,-36.2735
17.7742,-36.119
17.8291,-35.9866
17.9232,-35.8266
17.9948,-35.6659
18.0688,-35.4729
18.1532,-35.2533
18.2333,-34.9987
18.3126,-34.7114
18.3889,-34.3913
18.4604,-34.0385
18.5251,-33.6534
18.5813,-33.2365
18.6278,-32.7886
18.6632,-32.3106
18.682,-31.8671
18.6867,-31.4112
18.6775,-31.0019
18.6548,-30.6188
18.6195,-30.2396
18.5743,-29.8984
18.5141,-29.5416
18.4372,-29.1575
18.3627,-28.7441
18.2915,-28.3027
18.2263,-27.8334
18.1687,-27.336
18.1204,-26.8101
18.0826,-26.256
18.0597,-25.7282
18.0519,-25.2475
18.0582,-24.8144
18.0772,-24.4276
18.0888,-24.011
18.1134,-23.5682
18.1505,-23.0991
18.2025,-22.6025
18.2474,-22.0777
18.2789,-21.5969
18.2969,-21.1584
18.3016,-20.7468
18.2934,-20.3671
18.2728,-20.0045
18.241,-19.673
18.1941,-19.3132
18.1525,-18.9245
18.1157,-18.5083
18.0869,-18.0646
18.0676,-17.5934
18.0592,-17.0946
18.0633,-16.5683
18.0809,-16.0147
18.1106,-15.4898
18.1509,-15.0133
18.2008,-14.5841
18.245,-14.1214
18.3043,-13.6334
18.3781,-13.1201
18.4681,-12.5818
18.5761,-12.0176
18.6654,-11.4971
18.7372,-11.0227
18.7912,-10.5938
18.8297,-10.1867
18.8528,-9.80906
18.8649,-9.40158
18.887,-8.9667
18.919,-8.50556
18.9636,-8.01855
19.0229,-7.50442
19.0672,-7.03666
19.0984,-6.61615
19.1151,-6.24259
19.1188,-5.89201
19.111,-5.53042
19.0914,-5.21251
19.0579,-4.87477
19.0163,-4.58153
18.9584,-4.2715
18.8861,-3.93491
18.7943,-3.5727
18.6838,-3.18532
18.572,-2.84626
18.46,-2.55593
18.3411,-2.28508
18.2003,-1.99223
18.0368,-1.67899
17.8628,-1.37473
17.6741,-1.07197
17.4856,-0.796011
17.2756,-0.512082
17.0794,-0.269912
16.8589,-0.019711
16.6566,0.190237
16.4275,0.407373
16.2232,0.584188
16.0407,0.717543
15.831,0.863603
15.5878,1.01537
15.3156,1.17715
15.0093,1.34159
14.671,1.50988
14.2999,1.67923
13.8966,1.84841
13.503,1.99811
13.1326,2.12321
12.7716,2.23014
12.4514,2.31056
12.1727,2.36544
11.9367,2.39768
11.7438,2.40835
11.5934,2.40249
11.4126,2.38457
11.2244,2.36829
11.0613,2.33308
10.8603,2.28644
10.7031,2.24451
10.5136,2.18341
10.3531,2.1143
10.1473,2.04494
9.91374,1.96825
9.6501,1.89906
9.36049,1.82412
9.04142,1.75674
8.69487,1.68948
8.31863,1.63114
7.97628,1.58917
7.60444,1.55727
7.20363,1.53385
6.7748,1.52211
6.39231,1.52519
6.0567,1.54261
5.76698,1.57191
5.51637,1.59249
5.23693,1.6076
4.93132,1.63257
4.59975,1.67057
4.24083,1.72201
3.85355,1.76904
3.48587,1.8054
3.16034,1.8278
2.83234,1.8395
2.54816,1.838
2.25786,1.82435
2.01141,1.80083
1.7496,1.76221
1.46022,1.7135
1.14274,1.64443
0.795005,1.57946
0.419329,1.51509
0.0156533,1.45643
-0.415894,1.40384
-0.875642,1.35954
-1.36368,1.32487
-1.80544,1.3062
-2.20037,1.30302
-2.5495,1.31383
-2.92805,1.33811
-3.33391,1.37586
-3.76674,1.42916
-4.22736,1.49945
-4.71698,1.56521
-5.16002,1.61608
-5.55675,1.65184
-5.91742,1.67251
-6.2784,1.6813
-6.59532,1.67649
-6.91219,1.65882
-7.18789,1.63093
-7.47971,1.58812
-7.72668,1.54004
-8.00137,1.47151
-8.30665,1.40899
-8.63957,1.34428
-9.00073,1.28549
-9.38959,1.23087
-9.80678,1.18414
-10.2523,1.14583
-10.7264,1.11772
-11.2286,1.10098
-11.684,1.09889
-12.092,1.11076
-12.4536,1.13511
-12.7755,1.14983
-13.1258,1.158
-13.5026,1.17597
-13.9055,1.20554
-14.3348,1.24833
-14.7916,1.30634
-15.2814,1.35797
-15.7243,1.3955
-16.12,1.41867
-16.4692,1.42711
-16.7921,1.42264
-17.1052,1.40625
-17.3828,1.37873
-17.6721,1.33793
-17.9899,1.28275
-18.3372,1.22985
-18.7126,1.18094
-19.1157,1.13798
-19.5464,1.10266
-20.005,1.07665
-20.4915,1.06143
-21.0059,1.05829
-21.5016,1.06836
-21.9495,1.09076
-22.3493,1.1243
-22.7021,1.16749
-23.0874,1.20564
-23.4981,1.25834
-23.9343,1.32516
-24.3956,1.40835
-24.8817,1.509
-25.3934,1.62885
-25.8686,1.72968
-26.2982,1.81225
-26.6825,1.87527
-27.0223,1.91856
-27.3432,1.9471
-27.6445,1.96155
-27.9761,1.96573
-28.3401,1.95879
-28.7327,1.95913
-29.1522,1.9675
-29.5982,1.98646
-30.0705,2.01761
-30.5692,2.06267
-31.0229,2.11657
-31.4379,2.15712
-31.8058,2.18523
-32.127,2.19884
-32.4302,2.20057
-32.7278,2.19071
-33.053,2.16916
-33.4058,2.13449
-33.7858,2.08493
-34.1926,2.01918
-34.6255,1.93591
-35.0834,1.83411
-35.5086,1.72551
-35.9408,1.60042
-36.3274,1.47424
-36.7183,1.35433
-37.0734,1.2546
-37.3879,1.15597
-37.6538,1.06358
-37.8704,0.975228
-38.0392,0.895583
-38.2282,0.791228
-38.442,0.674894
-38.6734,0.529227
-38.9241,0.358836
-39.193,0.162315
-39.4787,-0.0616328
-39.7799,-0.313907
-40.0946,-0.594896
-40.3881,-0.875865
-40.6746,-1.17016
-40.9186,-1.44094
-41.1203,-1.68703
-41.2817,-1.90613
-41.4039,-2.09688
-41.51,-2.28522
-41.6216,-2.50262
-41.7296,-2.73546
-41.8293,-2.98255
-41.9234,-3.24306
-42.0039,-3.51092
-42.0845,-3.81071
-42.1599,-4.14382
-42.2308,-4.50912
-42.2939,-4.90657
-42.3352,-5.26149
-42.3553,-5.57278
-42.3573,-5.83931
-42.3483,-6.13433
-42.3282,-6.45741
-42.2945,-6.771
-42.2465,-7.09899
-42.189,-7.39253
-42.1136,-7.70958
-42.034,-7.98657
-41.9501,-8.21545
-41.8688,-8.3973
-41.7863,-8.53094
-41.7221,-8.62409
-41.6614,-8.69736
-41.5888,-8.81565
-41.5212,-8.88689
-41.4477,-9.00004
-41.3432,-9.12714
-41.2236,-9.27751
-41.0718,-9.44038
-40.8941,-9.61998
-40.686,-9.81269
-40.4501,-10.02
-40.1817,-10.2368
-39.8825,-10.4636
-39.5511,-10.6975
-39.1885,-10.9369
-38.8563,-11.1388
-38.5558,-11.3035
-38.2889,-11.4329
-38.0416,-11.5377
-37.7683,-11.6412
-37.5254,-11.7189
-37.2531,-11.7924
-37.0131,-11.8453
-36.747,-11.888
-36.4506,-11.9299
-36.1216,-11.9608
-35.7602,-11.9834
-35.3672,-12.0154
-34.9476,-12.0572
-34.501,-12.1116
-34.0267,-12.158
-33.5993,-12.1898
-33.2174,-12.2067
-32.8568,-12.2104
-32.5216,-12.2016
-32.1909,-12.1803
-31.8949,-12.1485
-31.5833,-12.1023
-31.3161,-12.0498
-31.0215,-11.978
-30.6967,-11.9105
-30.3441,-11.8423
-29.9632,-11.7798
-29.5546,-11.7222
-29.1175,-11.6724
-28.6521,-11.6314
-28.1581,-11.6007
-27.6358,-11.5815
-27.1604,-11.5771
-26.7324,-11.5867
-26.3508,-11.6091
-25.9346,-11.624
-25.4921,-11.6521
-25.0234,-11.693
-24.5274,-11.749
-24.003,-11.7982
-23.5243,-11.8334
-23.0889,-11.8548
-22.6762,-11.8628
-22.2922,-11.8578
-21.9177,-11.8402
-21.5803,-11.8114
-21.2146,-11.7674
-20.82,-11.7291
-20.398,-11.696
-19.9485,-11.6712
-19.4717,-11.6562
-18.9673,-11.6525
-18.4341,-11.6619
-17.8698,-11.6861
-17.3523,-11.6983
-16.8829,-11.7004
-16.4617,-11.6916
-16.0121,-11.6693
-15.5347,-11.6555
-15.0304,-11.6502
-14.4992,-11.6559
-13.9412,-11.6743
-13.4079,-11.7047
-12.9211,-11.7457
-12.4809,-11.7746
-12.0885,-11.7922
-11.7437,-11.7966
-11.4454,-11.7886
-11.1183,-11.7685
-10.7632,-11.7559
-10.3809,-11.7501
-9.97192,-11.7545
-9.54768,-11.7696
-9.10567,-11.7974
-8.71168,-11.8347
-8.36465,-11.881
-8.05266,-11.9358
-7.75641,-12.0008
-7.49553,-12.0714
-7.22599,-12.1571
-7.00228,-12.242
-6.76685,-12.3463
-6.5067,-12.4672
-6.22553,-12.6151
-5.92246,-12.7855
-5.60006,-12.9828
-5.31624,-13.1733
-5.06193,-13.3628
-4.83256,-13.551
-4.58812,-13.7672
-4.32911,-14.011
-4.10151,-14.2455
-3.90034,-14.4741
-3.72752,-14.6917
-3.57387,-14.9078
-3.41115,-15.1539
-3.2416,-15.4316
-3.06641,-15.7409
-2.88787,-16.0825
-2.74345,-16.3907
-2.63238,-16.6658
-2.53203,-16.9487
-2.45874,-17.1979
-2.39801,-17.4536
-2.35991,-17.6699
-2.34052,-17.881
-2.33215,-18.0558
-2.33895,-18.2575
-2.35776,-18.4161
-2.37989,-18.5828
-2.40008,-18.7776
-2.44059,-19.0011
-2.49769,-19.2533
-2.56843,-19.5337
-2.66084,-19.841
-2.772,-20.1747
-2.90613,-20.533
-3.05642,-20.8954
-3.20347,-21.21
-3.34565,-21.4765
-3.47992,-21.6966
-3.63264,-21.924
-3.77172,-22.1064
-3.93972,-22.305
-4.1305,-22.5232
-4.35337,-22.7542
-4.60501,-22.9995
-4.88773,-23.2562
-5.18072,-23.5037
-5.44893,-23.7102
-5.74864,-23.9235
-6.07873,-24.1442
-6.4404,-24.3697
-6.83349,-24.599
-7.25801,-24.8308
-7.71383,-25.0638
-8.20073,-25.297
-8.71845,-25.5295
-9.19875,-25.7308
-9.64058,-25.9014
-10.0432,-26.0426
-10.4063,-26.1563
-10.7995,-26.2663
-11.2226,-26.3724
-11.676,-26.4726
-12.1593,-26.5659
-12.6725,-26.6511
-13.2152,-26.7273
-13.7869,-26.7935
-14.3136,-26.8415
-14.794,-26.8719
-15.2275,-26.886
-15.6139,-26.8857
-16.0277,-26.8729
-16.4689,-26.8472
-16.9371,-26.807
-17.4319,-26.7511
-17.9526,-26.6786
-18.498,-26.5889
-18.9956,-26.4933
-19.4487,-26.3916
-19.857,-26.3077
-20.2194,-26.2411
-20.5364,-26.194
-20.8819,-26.1533
-21.256,-26.1205
-21.6596,-26.0972
-22.0941,-26.0851
-22.5563,-26.0634
-23.0448,-26.0318
-23.5592,-25.9877
-24.026,-25.936
-24.4456,-25.8766
-24.821,-25.8313
-25.1492,-25.7991
-25.4307,-25.7824
-25.7412,-25.7738
-26.0788,-25.756
-26.4426,-25.728
-26.8325,-25.6878
-27.2495,-25.6335
-27.6982,-25.5622
-28.1757,-25.496
-28.6338,-25.4417
-29.0461,-25.4033
-29.4293,-25.3796
-29.7994,-25.3688
-30.1358,-25.3717
-30.4812,-25.3871
-30.8556,-25.4154
-31.2602,-25.4375
-31.6953,-25.475
-32.1612,-25.504
-32.6549,-25.5251
-33.1779,-25.5355
-33.662,-25.533
-34.0983,-25.5392
-34.4861,-25.5528
-34.8254,-25.5757
-35.1162,-25.607
-35.3659,-25.6465
-35.5672,-25.6915
-35.7204,-25.741
-35.8999,-25.8048
-36.1046,-25.8886
-36.3357,-25.9869
-36.5895,-26.1118
-36.8673,-26.2576
-37.1659,-26.4305
-37.485,-26.6289
-37.8234,-26.8559
-38.1814,-27.1131
-38.5674,-27.3808
-38.9633,-27.6457
-39.3243,-27.8758
-39.6522,-28.0711
-39.9353,-28.248
-40.1735,-28.4054
-40.3654,-28.5455
-40.5132,-28.665
-40.614,-28.7682
-40.7374,-28.8868
-40.8697,-29.0387
-41.0159,-29.2177
-41.1728,-29.4273
-41.3417,-29.6658
-41.517,-29.9375
-41.699,-30.239
-41.8685,-30.5487
-42.0028,-30.8263
-42.1026,-31.0704
-42.1714,-31.2784
-42.2097,-31.4498
-42.2248,-31.5815
-42.2527,-31.7611
-42.2901,-31.966
-42.3154,-32.2012
-42.3353,-32.4638
-42.3445,-32.754
-42.3455,-33.0738
-42.3308,-33.384
-42.3027,-33.7104
-42.2626,-34.0012
-42.2058,-34.3154
-42.1435,-34.5828
-42.0735,-34.8027
-42.0007,-34.9916
-41.9038,-35.2049
-41.7941,-35.4451
-41.6563,-35.707
-41.4925,-35.9903
-41.3039,-36.294
-41.1068,-36.5831
-40.8927,-36.872
-40.686,-37.1262
-40.4542,-37.3896
-40.2406,-37.6115
-40.0466,-37.789
-39.8765,-37.9254
-39.7296,-38.0198
-39.5591,-38.1277
-39.3699,-38.2268
-39.1536,-38.3384
-38.9041,-38.4489
-38.6462,-38.55
-38.354,-38.6507
-38.0291,-38.7519
-37.6704,-38.8491
-37.2791,-38.9416
-36.8556,-39.0274
-36.4015,-39.1052
-35.9168,-39.1739
-35.4765,-39.2221
-35.0815,-39.2508
-34.7274,-39.2625
-34.3525,-39.2624
-34.0213,-39.2494
-33.6681,-39.2222
-33.3569,-39.1857
-33.0173,-39.1318
-32.6483,-39.0832
-32.2515,-39.0377
-31.8271,-38.9996
-31.3751,-38.9696
-30.8953,-38.9496
-30.3879,-38.9412
-29.9272,-38.9463
-29.5137,-38.9643
-29.147,-38.9937
-28.825,-39.0327
-28.5398,-39.0805
-28.2831,-39.137
-27.9978,-39.2111
-27.687,-39.3025
-27.3514,-39.4142
-26.9917,-39.5466
-26.6092,-39.7015
-26.2039,-39.8802
-25.7759,-40.0847
-25.3796,-40.2657
-25.0246,-40.4206
-24.7095,-40.5476
-24.4138,-40.6545
-24.1198,-40.7489
-23.8574,-40.8199
-23.5633,-40.8879
-23.244,-40.9712
-22.9003,-41.068
-22.5339,-41.1822
-22.1448,-41.3137
-21.7339,-41.465
-21.3014,-41.6371
-20.8482,-41.8313
-20.3748,-42.0486
-19.8827,-42.2893
-19.3721,-42.5545
-18.8437,-42.8445
-18.2983,-43.1597
-0.0479745,1.50675
-0.108004,1.5097
-0.194705,1.49222
-0.307507,1.47967
-0.446905,1.44693
-0.613793,1.41576
-0.809046,1.36212
-1.04289,1.32023
-1.30375,1.27332
-1.59248,1.23087
-1.90886,1.19313
-2.25327,1.16294
-2.62547,1.14072
-3.026,1.12885
-3.45473,1.12828
-3.91146,1.14058
-4.39577,1.16688
-4.90713,1.20823
-5.44398,1.26544
-5.93354,1.33122
-6.38254,1.38262
-6.78435,1.42055
-7.13927,1.44298
-7.44726,1.45043
-7.70825,1.44416
-7.9985,1.4264
-8.32755,1.41707
-8.68373,1.41421
-9.06662,1.42165
-9.47619,1.43963
-9.91382,1.4709
-10.383,1.51752
-10.8089,1.55149
-11.1872,1.57434
-11.5181,1.58382
-11.8079,1.58078
-12.1114,1.56652
-12.3696,1.54214
-12.6413,1.50381
-12.9416,1.45322
-13.2712,1.40338
-13.629,1.35892
-14.0143,1.31946
-14.4273,1.28811
-14.868,1.26581
-15.3366,1.25432
-15.833,1.25492
-16.2845,1.26842
-16.6889,1.29427
-17.0472,1.33103
-17.3591,1.35731
-17.6236,1.37352
-17.9167,1.38032
-18.2365,1.39912
-18.5834,1.42649
-18.9584,1.46901
-19.3648,1.52585
-19.7995,1.57784
-20.2617,1.62395
-20.6777,1.65482
-21.0584,1.67146
-21.428,1.67542
-21.7573,1.66645
-22.0889,1.64473
-22.3753,1.61321
-22.665,1.56772
-22.9831,1.50829
-23.3306,1.44997
-23.7063,1.39573
-24.1096,1.34677
-24.5408,1.3052
-25,1.27252
-25.4873,1.25024
-26.0026,1.23965
-26.5456,1.24186
-27.0412,1.25685
-27.4888,1.28388
-27.9628,1.32611
-28.463,1.38343
-28.989,1.45708
-29.5403,1.54797
-30.0672,1.64829
-30.5461,1.7533
-30.9804,1.84017
-31.3689,1.90951
-31.7119,1.9595
-32.0101,1.99096
-32.3135,2.01133
-32.5827,2.01719
-32.8807,2.01176
-33.2072,1.99679
-33.5622,1.96701
-33.9452,1.92356
-34.3555,1.86342
-34.7924,1.78605
-35.2388,1.693
-35.6414,1.59474
-36.0593,1.4781
-36.4308,1.36033
-36.7936,1.23013
-37.1275,1.09574
-37.4234,0.982586
-37.6699,0.874751
-37.8721,0.776102
-38.0928,0.653018
-38.3365,0.514166
-38.5972,0.346505
-38.8771,0.155414
-39.1735,-0.0634886
-39.4862,-0.309176
-39.8132,-0.58326
-40.1273,-0.864456
-40.4169,-1.14307
-40.7013,-1.43636
-40.9456,-1.70893
-41.1478,-1.95659
-41.3097,-2.17721
-41.4326,-2.3693
-41.5241,-2.53868
-41.622,-2.73843
-41.7253,-2.96617
-41.8173,-3.20456
-41.9082,-3.4626
-41.9959,-3.75501
-42.0837,-4.07937
-42.1657,-4.43721
-42.242,-4.8273
-42.2948,-5.17587
-42.3247,-5.48171
-42.335,-5.74354
-42.3295,-5.97327
-42.3136,-6.23251
-42.2862,-6.5212
-42.2441,-6.8389
-42.1877,-7.1735
-42.1216,-7.47225
-42.0368,-7.79478
-41.9483,-8.07733
-41.8568,-8.31181
-41.7681,-8.49916
-41.6807,-8.63862
-41.6089,-8.73539
-41.5413,-8.81234
-41.4698,-8.93753
-41.3678,-9.07713
-41.2443,-9.2363
-41.093,-9.41161
-40.9209,-9.60727
-40.7164,-9.81505
-40.484,-10.0376
-40.2203,-10.2714
-39.9264,-10.5162
-39.601,-10.7694
-39.2908,-10.9925
-39.009,-11.1761
-38.7577,-11.3218
-38.5389,-11.432
-38.3035,-11.5371
-38.0522,-11.6386
-37.7971,-11.7258
-37.5274,-11.8076
-37.2829,-11.864
-37.0096,-11.9178
-36.7712,-11.9476
-36.501,-11.9713
-36.199,-11.9877
-35.8638,-11.9933
-35.4987,-12.0073
-35.1062,-12.0292
-34.6861,-12.0623
-34.2386,-12.0862
-33.7645,-12.1012
-33.3375,-12.103
-32.949,-12.092
-32.5584,-12.0684
-32.2122,-12.0347
-31.855,-11.987
-31.5434,-11.9325
-31.2046,-11.8597
-30.8362,-11.7905
-30.4401,-11.7231
-30.016,-11.6616
-29.5638,-11.6069
-29.0833,-11.5608
-28.5743,-11.5247
-28.0372,-11.4998
-27.5141,-11.4887
-27.0384,-11.4918
-26.6105,-11.5081
-26.2293,-11.536
-25.8167,-11.5572
-25.3782,-11.592
-24.9122,-11.6402
-24.4162,-11.681
-23.8923,-11.7141
-23.4028,-11.7337
-22.9493,-11.7397
-22.5181,-11.7325
-22.1193,-11.7131
-21.7333,-11.6812
-21.3863,-11.6396
-21.0116,-11.5816
-20.6079,-11.5285
-20.1766,-11.4797
-19.7176,-11.4383
-19.2309,-11.4059
-18.7162,-11.384
-18.1738,-11.374
-17.6037,-11.3768
-17.079,-11.3927
-16.5971,-11.4215
-16.1625,-11.4395
-15.6995,-11.4499
-15.21,-11.4716
-14.6929,-11.5052
-14.1435,-11.554
-13.5677,-11.6189
-13.0381,-11.6681
-12.556,-11.7035
-12.1211,-11.7246
-11.7332,-11.7308
-11.3927,-11.7233
-11.0232,-11.703
-10.6256,-11.6902
-10.201,-11.6847
-9.75046,-11.6894
-9.29727,-11.7054
-8.89063,-11.7319
-8.52643,-11.7686
-8.19282,-11.815
-7.88769,-11.8705
-7.60648,-11.9348
-7.34601,-12.0075
-7.09593,-12.0905
-6.87186,-12.1788
-6.62403,-12.2883
-6.35241,-12.4178
-6.05917,-12.5725
-5.74445,-12.7508
-5.41053,-12.9557
-5.12249,-13.1496
-4.87832,-13.3334
-4.65608,-13.5179
-4.41849,-13.7299
-4.16653,-13.9699
-3.93458,-14.2102
-3.73961,-14.434
-3.55721,-14.6641
-3.41168,-14.8706
-3.25907,-15.1089
-3.097,-15.3764
-2.93159,-15.6773
-2.76155,-16.0098
-2.62351,-16.3136
-2.50978,-16.6012
-2.41473,-16.8784
-2.33796,-17.1458
-2.27812,-17.4023
-2.24014,-17.6322
-2.21598,-17.8557
-2.21178,-18.0461
-2.21584,-18.2547
-2.23727,-18.4213
-2.26106,-18.584
-2.29838,-18.777
-2.34074,-18.9998
-2.40497,-19.2514
-2.48719,-19.5313
-2.58932,-19.8385
-2.71319,-20.1715
-2.86011,-20.5289
-3.02534,-20.8939
-3.18583,-21.2113
-3.34001,-21.4805
-3.48773,-21.7086
-3.63553,-21.9116
-3.77338,-22.0761
-3.93833,-22.2573
-4.12921,-22.4558
-4.35131,-22.6672
-4.60187,-22.8929
-4.88468,-23.1284
-5.19511,-23.3704
-5.47914,-23.5726
-5.79533,-23.7801
-6.14241,-23.9934
-6.52121,-24.2103
-6.93157,-24.4296
-7.37339,-24.65
-7.84646,-24.8705
-8.35051,-25.09
-8.88293,-25.3065
-9.37598,-25.493
-9.82889,-25.6501
-10.2409,-25.7789
-10.6112,-25.8812
-11.0113,-25.9789
-11.4411,-26.0714
-11.901,-26.1572
-12.3906,-26.235
-12.9097,-26.3038
-13.4579,-26.3625
-14.0103,-26.408
-14.5161,-26.4365
-14.9748,-26.4489
-15.3861,-26.4469
-15.7505,-26.432
-16.142,-26.4038
-16.5604,-26.3617
-17.0054,-26.3041
-17.4778,-26.2293
-17.9784,-26.1357
-18.4347,-26.0589
-18.8446,-25.9977
-19.2082,-25.9537
-19.5262,-25.9273
-19.822,-25.9147
-20.1148,-25.914
-20.3732,-25.9263
-20.6613,-25.9515
-20.9784,-25.9694
-21.3231,-25.9827
-21.6948,-25.9862
-22.0932,-25.9808
-22.5185,-25.9634
-22.9706,-25.9331
-23.4493,-25.8883
-23.9272,-25.8304
-24.3579,-25.7645
-24.7426,-25.7124
-25.0804,-25.6738
-25.3715,-25.6513
-25.6918,-25.6365
-26.0402,-25.6114
-26.4163,-25.5752
-26.8195,-25.5256
-27.2602,-25.4824
-27.7324,-25.4465
-28.238,-25.396
-28.7412,-25.3357
-29.1987,-25.2914
-29.6089,-25.2609
-29.972,-25.2451
-30.2885,-25.2435
-30.5957,-25.2539
-30.9304,-25.2762
-31.2927,-25.3118
-31.6823,-25.3624
-32.1001,-25.4299
-32.5472,-25.4936
-33.0221,-25.5529
-33.5247,-25.605
-34.0102,-25.6436
-34.4509,-25.6657
-34.8477,-25.6941
-35.1957,-25.7267
-35.4947,-25.7656
-35.7449,-25.8094
-36.0205,-25.8686
-36.2507,-25.9297
-36.5055,-26.0111
-36.786,-26.1058
-37.0891,-26.2249
-37.4138,-26.3632
-37.7293,-26.5136
-38.0581,-26.6845
-38.3587,-26.8565
-38.6753,-27.0533
-38.957,-27.2443
-39.2523,-27.4612
-39.5127,-27.669
-39.7275,-27.8609
-39.8986,-28.033
-40.027,-28.1851
-40.1694,-28.3642
-40.3202,-28.5732
-40.4698,-28.7941
-40.6177,-29.0407
-40.7742,-29.3178
-40.9333,-29.6288
-41.0957,-29.9723
-41.2585,-30.3488
-41.4204,-30.7578
-41.5518,-31.1292
-41.6533,-31.4619
-41.7271,-31.7545
-41.7762,-32.0067
-41.8191,-32.2864
-41.854,-32.5811
-41.8792,-32.9053
-41.8917,-33.2197
-41.8897,-33.543
-41.8748,-33.8389
-41.8447,-34.1567
-41.802,-34.5029
-41.749,-34.8023
-41.6882,-35.0544
-41.6231,-35.2589
-41.5524,-35.4296
-41.4648,-35.6261
-41.3535,-35.8468
-41.2243,-36.0929
-41.0668,-36.3597
-40.8864,-36.6431
-40.7069,-36.8957
-40.5003,-37.1632
-40.3029,-37.3959
-40.0786,-37.6382
-39.8749,-37.8382
-39.6906,-37.9939
-39.5316,-38.1101
-39.3948,-38.1841
-39.2349,-38.2826
-39.043,-38.3806
-38.818,-38.4826
-38.5752,-38.5855
-38.2969,-38.6869
-37.9861,-38.7902
-37.6413,-38.89
-37.2635,-38.9862
-36.8532,-39.0764
-36.4116,-39.1593
-35.939,-39.2336
-35.5103,-39.2867
-35.1263,-39.3195
-34.7816,-39.3346
-34.419,-39.3383
-34.0997,-39.3283
-33.7576,-39.3044
-33.4554,-39.2709
-33.1292,-39.2206
-32.7745,-39.1559
-32.3903,-39.0926
-31.978,-39.033
-31.538,-38.9792
-31.07,-38.933
-30.574,-38.8961
-30.0665,-38.8711
-29.606,-38.8613
-29.1928,-38.8658
-28.8272,-38.8831
-28.5093,-38.9114
-28.2379,-38.949
-27.9398,-39.0014
-27.6152,-39.0689
-27.2648,-39.1545
-26.8891,-39.2587
-26.4889,-39.3833
-26.0653,-39.5292
-25.6193,-39.6973
-25.1518,-39.8882
-24.7289,-40.0758
-24.3531,-40.2585
-24.0172,-40.4148
-23.7221,-40.5445
-23.3969,-40.6753
-23.0506,-40.8257
-22.6833,-40.9946
-22.2963,-41.1849
-21.8901,-41.3975
-21.4655,-41.6339
-21.0221,-41.8959
-20.5516,-42.1626
-20.1185,-42.3969
-19.6552,-42.6349
-19.1728,-42.8949
-18.6719,-43.1767
-18.1535,-43.4822
-17.6184,-43.8126
-17.1296,-44.1298
-16.6857,-44.434
-16.2762,-44.7036
-15.9022,-44.939
-15.5628,-45.1392
-15.1942,-45.3426
-14.8468,-45.5202
-14.4873,-45.6893
-14.1616,-45.8283
-13.8214,-45.9589
-13.5168,-46.0622
-13.1868,-46.1599
-12.8978,-46.2324
-12.6493,-46.2778
-12.4436,-46.3025
-12.2798,-46.3022
-12.1023,-46.304
-11.9144,-46.2874
-11.6961,-46.2597
-11.4481,-46.2219
-11.1774,-46.1664
-10.9237,-46.1028
-10.6507,-46.0184
-10.413,-45.931
-10.1543,-45.8199
-9.9395,-45.7138
-9.76448,-45.6045
-9.56257,-45.475
-9.33246,-45.332
-9.07111,-45.1843
-8.79228,-45.0088
-8.48376,-44.8299
-8.14932,-44.6424
-7.78582,-44.4523
-7.39362,-44.2589
-6.98217,-44.0699
-6.60613,-43.9117
-6.27631,-43.766
-5.99344,-43.6336
-5.75877,-43.5121
-5.5712,-43.4038
-5.42926,-43.3054
-5.26692,-43.1905
-5.13773,-43.0746
-4.9841,-42.942
-4.80786,-42.7901
-4.60627,-42.6256
-4.37712,-42.4527
-4.12293,-42.2688
-3.83939,-42.0797
-3.52874,-41.8823
-3.18775,-41.6813
-2.81706,-41.4759
-2.4156,-41.2684
-2.04756,-41.0932
-1.71233,-40.9493
-1.40758,-40.8334
-1.12644,-40.7408
-0.87033,-40.6708
-0.582337,-40.6036
-0.263569,-40.5397
0.0866023,-40.4824
0.4677,-40.4322
0.879543,-40.3914
1.32152,-40.3611
1.79297,-40.3425
2.22008,-40.3399
2.60928,-40.3307
2.95015,-40.3161
3.24238,-40.293
3.56221,-40.2579
3.91001,-40.2284
4.28512,-40.2054
4.68896,-40.1914
5.11939,-40.1662
5.5759,-40.1301
6.05828,-40.0804
6.56644,-40.0158
7.10094,-39.9346
7.60595,-39.8442
8.08123,-39.7689
8.59208,-39.698
9.13118,-39.635
9.6987,-39.5815
10.2959,-39.5391
10.8448,-39.4895
11.3444,-39.4345
11.7952,-39.3737
12.2001,-39.3063
12.607,-39.2256
12.9663,-39.1413
13.3031,-39.0484
13.6639,-38.9368
14.048,-38.8052
14.3836,-38.6758
14.6712,-38.549
14.9781,-38.4008
15.3006,-38.2322
15.5834,-38.0683
15.8836,-37.8794
16.154,-37.694
16.434,-37.4853
16.6735,-37.2903
16.9218,-37.0701
17.1296,-36.8689
17.3437,-36.6413
17.5176,-36.4387
17.648,-36.258
17.7424,-36.107
17.7961,-35.9777
17.8924,-35.8204
17.9582,-35.6745
18.0265,-35.4963
18.1079,-35.2926
18.185,-35.0536
18.2602,-34.7813
18.3354,-34.477
18.4042,-34.1392
18.4677,-33.7691
18.5226,-33.3669
18.568,-32.9334
18.6026,-32.4696
18.6249,-31.9792
18.6313,-31.5337
18.6228,-31.1184
18.6006,-30.703
18.5676,-30.3303
18.5202,-29.9458
18.4654,-29.6073
18.3925,-29.2415
18.3232,-28.8464
18.2569,-28.4236
18.1967,-27.9727
18.1441,-27.4938
18.1008,-26.9866
18.068,-26.4511
18.0469,-25.8881
18.0404,-25.3723
18.0479,-24.9043
18.0682,-24.4828
18.0805,-24.0291
18.1061,-23.5492
18.1444,-23.0431
18.1975,-22.5095
18.2429,-21.9481
18.2741,-21.434
18.2914,-20.9674
18.2947,-20.5481
18.2846,-20.1758
18.2625,-19.8383
18.228,-19.499
18.1788,-19.1316
18.1341,-18.7352
18.0945,-18.3111
18.0628,-17.8596
18.0403,-17.3806
18.0288,-16.8738
18.0296,-16.3395
18.0438,-15.7779
18.0697,-15.2638
18.1065,-14.798
18.159,-14.3063
18.2273,-13.7887
18.3123,-13.2457
18.415,-12.6779
18.5367,-12.0844
18.6383,-11.5356
18.7213,-11.0328
18.7856,-10.5755
18.8306,-10.1633
18.8584,-9.78828
18.8757,-9.3833
18.9034,-8.95108
18.9413,-8.49272
18.9921,-8.00866
19.058,-7.4977
19.1082,-7.03297
19.1448,-6.61542
19.1663,-6.24483
19.1733,-5.91494
19.1694,-5.56132
19.1536,-5.25169
19.1238,-4.92132
19.0857,-4.63403
19.031,-4.3269
18.9625,-3.99295
18.8744,-3.63316
18.7679,-3.24795
18.6596,-2.911
18.5507,-2.62274
18.4392,-2.36727
18.3058,-2.08961
18.1501,-1.79027
17.9707,-1.4731
17.7893,-1.18016
17.5845,-0.875705
17.39,-0.611011
17.17,-0.335327
16.9665,-0.101415
16.7389,0.138384
16.5308,0.33929
16.3433,0.496148
16.1823,0.613909
16.0444,0.688946
15.8843,0.783302
15.6883,0.87945
15.4585,0.979331
15.1979,1.08665
14.902,1.19223
14.5729,1.29814
14.2102,1.40047
13.8146,1.49828
13.3869,1.58973
12.9278,1.67349
12.4449,1.74714
12.0063,1.79992
11.613,1.83269
11.2655,1.84755
10.9644,1.84698
10.71,1.83259
10.5026,1.80677
10.3417,1.77118
10.1506,1.72374
9.9293,1.67702
9.67905,1.63546
9.40143,1.59396
9.09555,1.56257
8.76272,1.53287
8.40157,1.51554
8.06978,1.50914
7.70983,1.51605
7.32206,1.53358
6.90934,1.5657
6.54395,1.60764
6.22495,1.65952
5.95152,1.69951
5.72498,1.72796
5.54516,1.74016
5.33709,1.75189
5.10185,1.76503
4.84155,1.79729
4.55506,1.83325
4.24242,1.88927
3.90099,1.93641
3.53389,1.98224
3.21309,2.01031
2.92824,2.02573
2.62854,2.02939
2.37463,2.02211
2.12309,1.99949
1.908,1.97215
1.67279,1.92521
1.40834,1.86971
1.11425,1.81045
0.791587,1.75426
0.441164,1.70163
0.0628623,1.65517
-0.343416,1.61586
-0.777919,1.58562
-1.24068,1.56575
-1.65784,1.56076
-2.02962,1.57039
-2.36328,1.58463
-2.64959,1.59125
-2.96416,1.5897
-3.30551,1.59743
-3.67445,1.61564
-4.07234,1.6468
-4.50277,1.66999
-4.96029,1.68555
-5.41177,1.68992
-5.81683,1.6821
-6.19971,1.66212
-6.55399,1.6311
-6.89226,1.58859
-7.19778,1.53715
-7.50859,1.47192
-7.77766,1.40184
-8.0852,1.32963
-8.42126,1.26113
-8.78501,1.19496
-9.17707,1.13507
-9.59747,1.08169
-10.0465,1.03695
-10.5242,1.00203
-11.0304,0.978187
-11.4995,0.969261
-11.9218,0.974872
-12.2966,0.993436
-12.6253,1.02329
-12.9854,1.04736
-13.3716,1.08481
-13.7838,1.13549
-14.2232,1.20227
-14.698,1.26376
-15.1998,1.31941
-15.6548,1.35896
-16.0631,1.38258
-16.4252,1.39086
-16.7564,1.38573
-17.0788,1.36841
-17.3624,1.34004
-17.6575,1.29812
-17.9811,1.24178
-18.3342,1.18762
-18.7153,1.13746
-19.1241,1.09326
-19.5606,1.05674
-20.025,1.02955
-20.5173,1.01316
-21.0375,1.00886
-21.5279,1.01783
-21.9706,1.03932
-22.3653,1.07195
-22.7131,1.11426
-23.0974,1.15159
-23.5071,1.20335
-23.9423,1.2692
-24.4026,1.35136
-24.8878,1.45092
-25.3986,1.56963
-25.864,1.69198
-26.2853,1.79487
-26.6614,1.8789
-26.9929,1.94191
-27.2847,1.98561
-27.5923,2.02033
-27.9289,2.04779
-28.2947,2.06567
-28.691,2.07274
-29.126,2.0836
-29.588,2.10358
-30.0763,2.1346
-30.5923,2.17915
-31.0633,2.23257
-31.4952,2.27211
-31.8796,2.29913
-32.2169,2.31181
-32.5073,2.31099
-32.8268,2.29887
-33.1756,2.29529
-33.5511,2.27882
-33.9531,2.25133
-34.3134,2.2137
-34.6933,2.16145
-35.032,2.10209
-35.3934,2.02537
-35.7267,1.94202
-36.0796,1.83975
-36.4145,1.72986
-36.7627,1.60112
-37.0791,1.47019
-37.347,1.34279
-37.5674,1.22208
-37.8074,1.07779
-38.0613,0.914109
-38.3332,0.723044
-38.6231,0.506224
-38.9287,0.260661
-39.2489,-0.0133839
-39.5823,-0.316758
-39.9284,-0.650852
-40.2733,-0.97209
-40.6099,-1.27504
-40.9187,-1.53894
-41.1856,-1.77781
-41.4114,-1.99023
-41.5943,-2.17788
-41.7365,-2.33857
-41.8363,-2.47413
-41.9023,-2.57636
-41.939,-2.67365
-42.0201,-2.79637
-42.0781,-2.92051
-42.1464,-3.07148
-42.2129,-3.25449
-42.2937,-3.46244
-42.37,-3.70571
-42.4432,-3.98293
-42.5165,-4.29194
-42.5828,-4.63465
-42.626,-4.93655
-42.6455,-5.19684
-42.6463,-5.41373
-42.6355,-5.65677
-42.6177,-5.92878
-42.583,-6.23114
-42.5357,-6.56282
-42.4704,-6.91731
-42.3963,-7.23937
-42.3025,-7.58349
-42.2057,-7.88576
-42.0883,-8.20522
-41.9741,-8.47727
-41.8614,-8.70088
-41.7569,-8.87791
-41.6575,-9.00694
-41.5437,-9.16137
-41.3977,-9.33173
-41.2239,-9.51999
-41.0217,-9.72517
-40.7884,-9.94437
-40.5244,-10.1766
-40.2282,-10.4191
-39.9001,-10.6704
-39.5494,-10.9212
-39.2275,-11.1331
-38.9358,-11.3067
-38.6765,-11.4438
-38.4511,-11.5468
-38.1966,-11.651
-37.9376,-11.7455
-37.6748,-11.8256
-37.407,-11.8964
-37.1583,-11.9448
-36.8846,-11.9893
-36.6495,-12.0097
-36.3832,-12.0241
-36.0838,-12.0282
-35.7472,-12.0437
-35.3831,-12.0665
-34.9928,-12.1006
-34.5755,-12.147
-34.1304,-12.1862
-33.69,-12.2153
-33.2961,-12.2301
-32.9353,-12.2316
-32.5799,-12.2209
-32.2631,-12.1986
-31.9311,-12.1629
-31.6443,-12.1192
-31.342,-12.0595
-31.0119,-11.9848
-30.6523,-11.9099
-30.2644,-11.8378
-29.8487,-11.7701
-29.4047,-11.7087
-28.9324,-11.6553
-28.4316,-11.6112
-27.9024,-11.5778
-27.3976,-11.559
-26.9399,-11.5552
-26.5297,-11.5653
-26.0923,-11.589
-25.628,-11.6265
-25.1372,-11.6794
-24.6189,-11.749
-24.0721,-11.8127
-23.5722,-11.861
-23.1192,-11.8942
-22.7129,-11.9118
-22.3465,-11.9147
-21.9725,-11.9052
-21.6436,-11.8842
-21.3096,-11.8496
-20.9471,-11.8008
-20.5556,-11.756
-20.1364,-11.7163
-19.6898,-11.6842
-19.2155,-11.6612
-18.7136,-11.6491
-18.1832,-11.6494
-17.623,-11.6636
-17.1101,-11.6668
-16.6457,-11.6607
-16.2295,-11.6446
-15.7851,-11.6146
-15.3128,-11.5925
-14.8135,-11.5784
-14.2872,-11.5748
-13.7337,-11.5833
-13.2176,-11.6039
-12.747,-11.6361
-12.3151,-11.6565
-11.9306,-11.6665
-11.5938,-11.6642
-11.2285,-11.6504
-10.8356,-11.6448
-10.4158,-11.6474
-9.96938,-11.6609
-9.56633,-11.6844
-9.13684,-11.7218
-8.749,-11.7679
-8.39424,-11.8237
-8.07202,-11.8875
-7.76614,-11.9613
-7.49323,-12.0406
-7.2244,-12.1323
-6.99727,-12.2235
-6.75905,-12.3338
-6.49682,-12.4622
-6.214,-12.6173
-5.90973,-12.7954
-5.58675,-13.0007
-5.30802,-13.195
-5.04151,-13.3992
-4.8187,-13.5876
-4.58196,-13.8052
-4.33039,-14.0496
-4.1004,-14.294
-3.90926,-14.5186
-3.73266,-14.748
-3.59243,-14.9526
-3.44587,-15.1894
-3.28959,-15.4551
-3.13076,-15.7545
-2.96761,-16.0854
-2.83764,-16.3844
-2.72617,-16.6787
-2.63629,-16.9542
-2.56922,-17.2093
-2.52151,-17.4426
-2.49333,-17.6595
-2.47946,-17.8524
-2.48166,-18.0561
-2.49019,-18.2166
-2.50198,-18.406
-2.52826,-18.5499
-2.55881,-18.6572
-2.59574,-18.8135
-2.63206,-18.9974
-2.69106,-19.2077
-2.76346,-19.4454
-2.85864,-19.7087
-2.97024,-19.9983
-3.10717,-20.3114
-3.26694,-20.6471
-3.42161,-20.9358
-0.0479745,1.50675
-0.108004,1.5097
-0.194705,1.49222
-0.307507,1.47967
-0.446905,1.44693
-0.613789,1.41576
-0.809032,1.36212
-1.04283,1.32023
-1.30365,1.27333
-1.59233,1.23088
-1.90867,1.19314
-2.25303,1.16295
-2.6252,1.14073
-3.02568,1.12886
-3.45438,1.12829
-3.91107,1.14059
-4.39533,1.16688
-4.90665,1.20823
-5.44347,1.26543
-5.93301,1.33121
-6.38199,1.38261
-6.78378,1.42053
-7.13868,1.44296
-7.44665,1.45041
-7.70763,1.44414
-7.99787,1.42638
-8.32688,1.41705
-8.68304,1.41419
-9.0659,1.42162
-9.47544,1.43961
-9.91305,1.47088
-10.3822,1.51749
-10.8081,1.55147
-11.1864,1.57431
-11.5174,1.5838
-11.8072,1.58076
-12.1108,1.56651
-12.3691,1.54213
-12.6408,1.50381
-12.9411,1.45322
-13.2708,1.40338
-13.6286,1.35892
-14.0139,1.31947
-14.427,1.28812
-14.8678,1.26583
-15.3364,1.25435
-15.8329,1.25496
-16.2844,1.26847
-16.6888,1.29433
-17.0471,1.3311
-17.3591,1.35738
-17.6235,1.3736
-17.9167,1.3804
-18.2365,1.39921
-18.5834,1.42659
-18.9584,1.46912
-19.3649,1.52597
-19.7997,1.57797
-20.262,1.62409
-20.678,1.65498
-21.0586,1.67161
-21.4282,1.67559
-21.7575,1.66662
-22.0891,1.6449
-22.3754,1.61339
-22.6651,1.5679
-22.9831,1.50848
-23.3306,1.45017
-23.7062,1.39593
-24.1096,1.34697
-24.5407,1.30541
-24.9999,1.27273
-25.4871,1.25045
-26.0024,1.23986
-26.5453,1.24208
-27.0409,1.25707
-27.4885,1.2841
-27.9625,1.32633
-28.4626,1.38366
-28.9886,1.45731
-29.5399,1.5482
-30.0668,1.64855
-30.5458,1.75358
-30.9802,1.84047
-31.3688,1.90982
-31.7119,1.95983
-32.0102,1.9913
-32.3134,2.01165
-32.5826,2.01751
-32.8807,2.0121
-33.2073,1.99712
-33.5624,1.96736
-33.9455,1.92391
-34.356,1.86378
-34.7929,1.78641
-35.2391,1.69344
-35.6415,1.59521
-36.0594,1.47859
-36.4309,1.36085
-36.7936,1.23069
-37.1273,1.09633
-37.4231,0.983198
-37.6695,0.875387
-37.8717,0.77673
-38.0924,0.653632
-38.3361,0.514765
-38.5967,0.347086
-38.8766,0.155972
-39.1729,-0.0629538
-39.4856,-0.308667
-39.8126,-0.582784
-40.127,-0.864304
-40.4163,-1.14264
-40.7014,-1.43671
-40.9464,-1.71003
-41.1494,-1.95844
-41.312,-2.17983
-41.4356,-2.37268
-41.5267,-2.54139
-41.6242,-2.74047
-41.7274,-2.96758
-41.8193,-3.20593
-41.9101,-3.46331
-41.9976,-3.75511
-42.0852,-4.07885
-42.1669,-4.43608
-42.2431,-4.82555
-42.2956,-5.17351
-42.3254,-5.47876
-42.3355,-5.73999
-42.33,-5.97075
-42.314,-6.231
-42.2866,-6.52072
-42.2444,-6.83942
-42.188,-7.17344
-42.1218,-7.47268
-42.037,-7.7955
-41.9485,-8.07796
-41.857,-8.31234
-41.7684,-8.4996
-41.681,-8.63895
-41.6093,-8.73564
-41.5418,-8.81255
-41.4702,-8.93771
-41.3682,-9.07727
-41.2447,-9.23642
-41.0934,-9.41167
-40.9214,-9.60735
-40.717,-9.81511
-40.4846,-10.0376
-40.221,-10.2713
-39.927,-10.516
-39.6016,-10.7692
-39.2912,-10.9924
-39.0093,-11.1761
-38.7578,-11.322
-38.5388,-11.4322
-38.3036,-11.5372
-38.052,-11.6388
-37.7974,-11.7259
-37.5272,-11.8079
-37.283,-11.8642
-37.0099,-11.9178
-36.7716,-11.9477
-36.5014,-11.9713
-36.1994,-11.9878
-35.8641,-11.9933
-35.4991,-12.0074
-35.1065,-12.0292
-34.6864,-12.0623
-34.2389,-12.0862
-33.7648,-12.1011
-33.3378,-12.1029
-32.9492,-12.0919
-32.5586,-12.0683
-32.2123,-12.0346
-31.8551,-11.9868
-31.5434,-11.9323
-31.2045,-11.8595
-30.8362,-11.7903
-30.44,-11.7229
-30.0158,-11.6613
-29.5636,-11.6066
-29.083,-11.5605
-28.574,-11.5244
-28.0368,-11.4994
-27.5138,-11.4884
-27.0382,-11.4915
-26.6104,-11.5077
-26.2293,-11.5357
-25.8169,-11.5569
-25.3784,-11.5916
-24.9126,-11.6398
-24.4166,-11.6806
-23.8928,-11.7137
-23.4031,-11.7333
-22.9495,-11.7393
-22.5182,-11.7321
-22.1195,-11.7127
-21.7331,-11.6808
-21.3862,-11.6392
-21.0115,-11.5812
-20.6079,-11.5281
-20.1766,-11.4793
-19.7177,-11.4379
-19.231,-11.4055
-18.7164,-11.3837
-18.174,-11.3736
-17.604,-11.3765
-17.0793,-11.3924
-16.5975,-11.4212
-16.1629,-11.4392
-15.6999,-11.4496
-15.2104,-11.4713
-14.6934,-11.505
-14.144,-11.5537
-13.5682,-11.6186
-13.0387,-11.6679
-12.5565,-11.7033
-12.1216,-11.7244
-11.7337,-11.7306
-11.3931,-11.7232
-11.0237,-11.7028
-10.626,-11.6901
-10.2014,-11.6846
-9.75085,-11.6893
-9.29757,-11.7053
-8.89086,-11.7318
-8.52662,-11.7685
-8.193,-11.8149
-7.88783,-11.8704
-7.60662,-11.9347
-7.34608,-12.0075
-7.0961,-12.0904
-6.87181,-12.1788
-6.62376,-12.2884
-6.35192,-12.418
-6.05846,-12.5727
-5.74352,-12.751
-5.40939,-12.956
-5.12116,-13.15
-4.87692,-13.3337
-4.6549,-13.518
-4.41753,-13.7298
-4.16578,-13.9696
-3.93348,-14.2101
-3.73855,-14.4338
-3.55601,-14.6641
-3.41041,-14.8706
-3.25776,-15.1089
-3.09561,-15.3764
-2.93015,-15.6773
-2.76004,-16.0097
-2.62192,-16.3136
-2.50815,-16.6012
-2.41317,-16.8782
-2.33634,-17.1456
-2.2765,-17.4019
-2.2384,-17.6322
-2.21426,-17.8553
-2.21007,-18.046
-2.21386,-18.2543
-2.23586,-18.4209
-2.25793,-18.5827
-2.29755,-18.7753
-2.33799,-18.9973
-2.40065,-19.248
-2.48481,-19.5264
-2.5859,-19.8324
-2.71074,-20.1638
-2.85818,-20.5194
-3.02551,-20.8863
-3.18783,-21.2056
-3.34369,-21.4768
-3.49199,-21.7049
-3.63937,-21.9063
-3.77748,-22.0704
-3.94262,-22.2513
-4.13383,-22.4492
-4.35616,-22.6602
-4.60702,-22.8853
-4.89011,-23.1202
-5.20055,-23.3613
-5.48453,-23.5626
-5.74066,-23.7243
-6.02799,-23.8915
-6.34622,-24.0636
-6.69648,-24.2382
-7.07852,-24.4142
-7.49243,-24.59
-7.93795,-24.7642
-8.41476,-24.9358
-8.92246,-25.1035
-9.38955,-25.2439
-9.81509,-25.3573
-10.1982,-25.4454
-10.5383,-25.5101
-10.9078,-25.5681
-11.3069,-25.6191
-11.7356,-25.6608
-12.1935,-25.6924
-12.6804,-25.7124
-13.1957,-25.72
-13.6667,-25.7135
-14.0914,-25.6934
-14.4708,-25.6825
-14.8021,-25.6802
-15.0852,-25.6889
-15.3215,-25.7067
-15.5688,-25.7368
-15.8445,-25.7779
-16.1489,-25.8179
-16.4813,-25.8505
-16.841,-25.8787
-17.2282,-25.8972
-17.6429,-25.9067
-18.0853,-25.9045
-18.5552,-25.8897
-19.0081,-25.8622
-19.4153,-25.8233
-19.776,-25.7951
-20.0891,-25.7772
-20.3545,-25.7726
-20.5736,-25.7786
-20.8214,-25.7971
-21.0972,-25.8047
-21.4,-25.81
-21.7294,-25.8013
-22.0854,-25.7865
-22.468,-25.7564
-22.8773,-25.7141
-23.3145,-25.6554
-23.7827,-25.6028
-24.2037,-25.5639
-24.5776,-25.5393
-24.9045,-25.5296
-25.1853,-25.5334
-25.4657,-25.549
-25.7752,-25.5764
-26.1134,-25.5985
-26.4791,-25.6142
-26.8718,-25.6213
-27.2915,-25.6185
-27.7381,-25.6039
-28.2117,-25.5762
-28.712,-25.534
-29.1663,-25.4823
-29.5766,-25.4211
-29.941,-25.3733
-30.2584,-25.3385
-30.5301,-25.3195
-30.8295,-25.3075
-31.1568,-25.3056
-31.5121,-25.3139
-31.8953,-25.3352
-32.3061,-25.3703
-32.7441,-25.4208
-33.21,-25.4883
-33.7041,-25.5742
-34.155,-25.6444
-34.6232,-25.7093
-35.0496,-25.7568
-35.433,-25.809
-35.7674,-25.8626
-36.0625,-25.9213
-36.312,-25.9821
-36.5857,-26.0604
-36.8814,-26.1538
-37.1714,-26.2603
-37.4789,-26.3841
-37.7683,-26.516
-38.0766,-26.6695
-38.3654,-26.8283
-38.6689,-27.0102
-38.9396,-27.1881
-39.2253,-27.3922
-39.4813,-27.5909
-39.6912,-27.7744
-39.8573,-27.9387
-39.9803,-28.084
-40.1183,-28.2554
-40.2653,-28.4588
-40.4219,-28.6831
-40.5661,-28.9201
-40.7171,-29.1893
-40.8728,-29.4912
-41.0314,-29.8261
-41.1909,-30.1939
-41.3497,-30.5944
-41.5062,-31.0272
-41.6336,-31.4211
-41.7322,-31.7751
-41.8044,-32.0879
-41.8526,-32.3584
-41.8817,-32.6009
-41.9047,-32.8733
-41.9195,-33.1758
-41.9232,-33.4946
-41.9116,-33.7797
-41.8865,-34.0908
-41.8486,-34.4308
-41.7999,-34.7243
-41.7427,-34.9706
-41.6807,-35.1697
-41.6129,-35.3314
-41.5299,-35.5197
-41.4216,-35.7322
-41.2982,-35.9711
-41.1457,-36.231
-40.9662,-36.5112
-40.7685,-36.7965
-40.5726,-37.0515
-40.3505,-37.3183
-40.1431,-37.5451
-39.9536,-37.7272
-39.7862,-37.8674
-39.6411,-37.9653
-39.4808,-38.0682
-39.3,-38.1642
-39.0945,-38.2757
-38.8551,-38.3866
-38.5951,-38.4909
-38.3028,-38.5987
-37.9759,-38.7044
-37.6159,-38.8081
-37.2229,-38.907
-36.7976,-38.9998
-36.3434,-39.0844
-35.8586,-39.1603
-35.4181,-39.2152
-35.0225,-39.2499
-34.6721,-39.2664
-34.3173,-39.2706
-33.9984,-39.2614
-33.6564,-39.2387
-33.3552,-39.2061
-33.0254,-39.1564
-32.666,-39.1126
-32.2789,-39.0717
-31.8643,-39.0385
-31.4221,-39.0134
-30.9523,-38.9985
-30.4549,-38.9953
-30.0009,-39.0051
-29.5922,-39.0274
-29.2282,-39.0606
-28.9053,-39.1034
-28.6178,-39.1547
-28.3611,-39.2142
-28.0714,-39.2723
-27.7572,-39.3462
-27.4184,-39.4366
-27.0556,-39.5457
-26.6693,-39.6745
-26.2603,-39.8245
-25.8293,-39.9965
-25.3761,-40.1924
-24.959,-40.363
-24.5839,-40.5086
-24.2501,-40.6271
-23.9574,-40.7186
-23.6998,-40.7863
-23.4109,-40.8511
-23.097,-40.9309
-22.7586,-41.0243
-22.3975,-41.135
-22.0136,-41.2629
-21.6077,-41.4105
-21.1802,-41.5788
-20.7317,-41.7691
-20.263,-41.9824
-19.775,-42.2194
-19.2683,-42.4807
-18.7438,-42.7668
-18.2021,-43.078
-17.6441,-43.4148
-17.1195,-43.7464
-16.6415,-44.064
-16.1981,-44.3465
-15.7902,-44.5948
-15.4173,-44.8084
-15.0229,-45.0194
-14.6622,-45.1983
-14.2712,-45.3774
-13.9036,-45.5319
-13.5368,-45.6714
-13.2009,-45.7849
-12.9049,-45.8701
-12.6499,-45.929
-12.4365,-45.9634
-12.2657,-45.976
-12.0917,-45.9767
-11.8922,-45.9747
-11.6664,-45.957
-11.4125,-45.9366
-11.157,-45.8979
-10.8827,-45.8424
-10.6367,-45.7797
-10.3674,-45.6958
-10.1364,-45.6108
-9.89249,-45.504
-9.69392,-45.4029
-9.47203,-45.2733
-9.21082,-45.1387
-8.93163,-44.9765
-8.63124,-44.7909
-8.29602,-44.593
-7.93321,-44.3888
-7.54238,-44.18
-7.12302,-43.9686
-6.74101,-43.7893
-6.39523,-43.6415
-6.09571,-43.5065
-5.84294,-43.3854
-5.63833,-43.2755
-5.47845,-43.1797
-5.30684,-43.0606
-5.1119,-42.9273
-4.90208,-42.7622
-4.66411,-42.5873
-4.40054,-42.4012
-4.10888,-42.2087
-3.79029,-42.0086
-3.44255,-41.8042
-3.06557,-41.5956
-2.6584,-41.3847
-2.25096,-41.1882
-1.8802,-41.0243
-1.54678,-40.892
-1.25074,-40.7891
-0.985647,-40.7113
-0.690064,-40.6359
-0.363918,-40.5636
-0.00667194,-40.4972
0.38139,-40.4374
0.800104,-40.3863
1.24897,-40.345
1.7274,-40.3147
2.16142,-40.3011
2.5508,-40.3037
2.89341,-40.3004
3.18775,-40.2912
3.50983,-40.2702
3.85927,-40.258
4.23562,-40.253
4.63894,-40.2591
5.07064,-40.2769
5.53001,-40.2865
6.01622,-40.2874
6.5292,-40.2772
7.0632,-40.2543
7.54902,-40.221
7.98767,-40.1778
8.38861,-40.1251
8.81654,-40.0558
9.27318,-39.9913
9.75748,-39.9319
10.2711,-39.8804
10.8104,-39.8152
11.3066,-39.7448
11.7547,-39.6699
12.1706,-39.5878
12.5766,-39.4948
12.9376,-39.399
13.2874,-39.2924
13.5987,-39.1842
13.9326,-39.0549
14.2877,-38.9053
14.5956,-38.7602
14.9216,-38.5919
15.2634,-38.4024
15.5627,-38.22
15.8781,-38.0122
16.1567,-37.8129
16.4452,-37.5895
16.6921,-37.3819
16.9438,-37.1517
17.1546,-36.9416
17.3699,-36.7068
17.5451,-36.4977
17.6774,-36.3115
17.7736,-36.1554
17.8298,-36.0217
17.9211,-35.8613
17.9965,-35.6901
18.0739,-35.4864
18.16,-35.2562
18.2418,-34.9909
18.3229,-34.6931
18.4,-34.3621
18.4722,-33.9986
18.5371,-33.6028
18.5934,-33.1755
18.6395,-32.7171
18.6745,-32.2288
18.6924,-31.7852
18.6954,-31.348
18.6845,-30.9543
18.66,-30.5533
18.6253,-30.1974
18.576,-29.8316
18.511,-29.438
18.4496,-29.0153
18.3925,-28.5648
18.3425,-28.0865
18.3012,-27.5804
18.2702,-27.0461
18.2507,-26.484
18.2456,-25.965
18.2542,-25.4934
18.2755,-25.0683
18.2872,-24.6905
18.2914,-24.2845
18.3059,-23.8518
18.3314,-23.3927
18.37,-22.9075
18.4237,-22.3948
18.4691,-21.864
18.5006,-21.3807
18.5184,-20.9447
18.522,-20.5561
18.5124,-20.2141
18.4907,-19.893
18.4575,-19.5827
18.4094,-19.244
18.3659,-18.8762
18.3268,-18.4807
18.2952,-18.0576
18.2723,-17.6071
18.26,-17.1289
18.2596,-16.6231
18.2723,-16.0899
18.2982,-15.5587
18.3349,-15.0758
18.3819,-14.6402
18.423,-14.1746
18.4792,-13.6837
18.5498,-13.1674
18.6364,-12.626
18.741,-12.0585
18.8268,-11.5358
18.8956,-11.0593
18.9468,-10.6278
18.984,-10.2074
19.0054,-9.82326
19.0154,-9.40939
19.0353,-8.9681
19.0651,-8.5005
19.1073,-8.00696
19.1642,-7.48624
19.2063,-7.01202
19.2354,-6.58524
19.2504,-6.20572
19.2515,-5.86985
19.241,-5.5115
19.2195,-5.19793
19.1837,-4.86563
19.1403,-4.57711
19.0801,-4.27014
19.0056,-3.93663
18.9111,-3.57765
18.7978,-3.19361
18.6836,-2.85786
18.5696,-2.57081
18.4437,-2.28884
18.2957,-1.98517
18.1261,-1.66498
17.9537,-1.36913
17.7575,-1.05891
17.5692,-0.786592
17.3554,-0.501761
17.156,-0.258146
16.9321,-0.00692743
16.727,0.20401
16.4952,0.421679
16.2883,0.599104
16.1037,0.73322
15.8916,0.879766
15.6463,1.03194
15.3718,1.19386
15.0633,1.35836
14.7228,1.52657
14.3496,1.69572
13.9442,1.86458
13.5501,2.01331
13.1768,2.13851
12.8174,2.24408
12.4988,2.32315
12.2218,2.37689
11.9876,2.40805
11.7966,2.41788
11.6455,2.4115
11.4637,2.39354
11.2675,2.37698
11.1043,2.34167
10.9036,2.29364
10.7445,2.25033
10.5522,2.18769
10.3834,2.11554
10.1729,2.04464
9.93481,1.96607
9.66681,1.89412
9.37274,1.81675
9.04912,1.74705
8.69798,1.67751
8.31714,1.61667
7.97455,1.5733
7.60245,1.53985
7.20137,1.51476
6.77194,1.50121
6.3888,1.50266
6.05248,1.51865
5.76199,1.54671
5.50608,1.56657
5.22134,1.58075
4.9104,1.60491
4.57345,1.64183
4.20911,1.69235
3.81642,1.73812
3.4511,1.77255
3.12266,1.79366
2.79421,1.80389
2.50892,1.80107
2.21615,1.78616
1.96764,1.76147
1.70548,1.72179
1.41444,1.67125
1.09395,1.61991
0.745123,1.57413
0.368827,1.53255
-0.0352158,1.49902
-0.467028,1.47401
-0.926771,1.45954
-1.4074,1.45706
-1.84067,1.46782
-2.22763,1.49145
-2.56761,1.50611
-2.93603,1.51411
-3.33104,1.53222
-3.75384,1.56226
-4.20686,1.60671
-4.6886,1.64387
-5.14086,1.6695
-5.54933,1.68205
-5.93677,1.682
-6.29541,1.66968
-6.64522,1.6451
-6.9549,1.61043
-7.27207,1.56209
-7.54447,1.50766
-7.84411,1.43421
-8.17377,1.36453
-8.5312,1.29457
-8.91684,1.23022
-9.33041,1.17091
-9.77239,1.11935
-10.2429,1.07666
-10.7419,1.04426
-11.2681,1.02338
-11.7473,1.01741
-12.179,1.02562
-12.5635,1.04652
-12.975,1.0815
-13.4131,1.13088
-13.8774,1.19635
-14.3689,1.27945
-14.8905,1.35778
-15.3655,1.41971
-15.7941,1.46522
-16.1763,1.49365
-16.5125,1.50591
-16.8166,1.50426
-17.1219,1.49064
-17.386,1.46567
-17.6663,1.42676
-17.9755,1.37461
-18.3144,1.32383
-18.6814,1.27769
-19.076,1.23701
-19.4983,1.20413
-19.9483,1.18045
-20.4262,1.16755
-20.9319,1.16675
-21.4365,1.17909
-21.8933,1.20346
-22.302,1.23889
-22.6637,1.28396
-23.0554,1.32414
-23.4725,1.37908
-23.9149,1.4483
-24.3825,1.53398
-24.8752,1.6375
-25.3937,1.7605
-25.8681,1.8636
-26.2969,1.94829
-26.6805,2.01329
-27.0191,2.05824
-27.3196,2.08557
-27.6359,2.1027
-27.9815,2.11056
-28.3578,2.10661
-28.7625,2.1108
-29.194,2.12314
-29.6519,2.14648
-30.1363,2.18248
-30.6482,2.23321
-31.1178,2.29332
-31.5451,2.33931
-31.9251,2.37237
-32.2581,2.39043
-32.544,2.39432
-32.8577,2.38769
-33.1992,2.37023
-33.5683,2.33907
-33.9648,2.29364
-34.3875,2.23207
-34.8247,2.15496
-35.2242,2.0704
-35.6438,1.96729
-36.0178,1.86175
-36.3991,1.7397
-36.7342,1.61868
-37.0814,1.47885
-37.3805,1.34447
-37.631,1.21513
-37.8407,1.09202
-38.0695,0.943927
-38.3189,0.773609
-38.5849,0.574588
-38.8684,0.349676
-39.1666,0.0953858
-39.4787,-0.187758
-39.8039,-0.501697
-40.1428,-0.849343
-40.4653,-1.16902
-40.806,-1.49634
-41.1202,-1.78347
-41.3932,-2.04454
-41.6257,-2.27793
-41.8162,-2.4852
-41.9665,-2.66467
-42.0758,-2.81706
-42.1492,-2.93777
-42.1796,-3.03371
-42.2537,-3.15553
-42.2878,-3.25372
-42.3602,-3.38079
-42.4295,-3.54139
-42.5049,-3.73036
-42.5796,-3.95164
-42.6618,-4.20085
-42.7379,-4.48412
-42.8118,-4.79911
-42.8598,-5.07425
-42.8838,-5.30826
-42.8878,-5.49963
-42.8719,-5.64821
-42.8692,-5.84155
-42.8494,-6.06165
-42.8275,-6.31037
-42.7861,-6.58801
-42.7285,-6.89402
-42.6548,-7.22541
-42.5722,-7.52623
-42.4699,-7.84901
-42.3659,-8.13085
-42.2614,-8.36453
-42.1619,-8.55118
-42.0665,-8.69017
-41.9872,-8.78641
-41.9017,-8.88532
-41.8162,-8.99091
-41.7022,-9.1159
-41.563,-9.25837
-41.3967,-9.41692
-41.2019,-9.59043
-40.9764,-9.77651
-40.7201,-9.97417
-40.4314,-10.1805
-40.1105,-10.3943
-39.757,-10.6134
-39.3712,-10.8363
-39.018,-11.0235
-38.6987,-11.1755
-38.4074,-11.2979
-38.0861,-11.4204
-37.7986,-11.5155
-37.4872,-11.6045
-37.2137,-11.6694
-36.9479,-11.7162
-36.7056,-11.7478
-36.4313,-11.7688
-36.1258,-11.7867
-35.7866,-11.8113
-35.4207,-11.8461
-35.0291,-11.8922
-34.6108,-11.9521
-34.1644,-12.0057
-33.7129,-12.0501
-33.3079,-12.0788
-32.9441,-12.0925
-32.5831,-12.0938
-32.264,-12.0824
-31.9292,-12.0578
-31.6396,-12.024
-31.3368,-11.9748
-31.0058,-11.9117
-30.6453,-11.8493
-30.2566,-11.7908
-29.8402,-11.7375
-29.3959,-11.6916
-28.9235,-11.6546
-28.423,-11.6279
-27.8944,-11.6127
-27.4109,-11.6118
-26.9748,-11.6245
-26.5853,-11.6495
-26.1617,-11.6673
-25.7121,-11.6985
-25.2364,-11.7426
-24.7334,-11.802
-24.2021,-11.8546
-23.717,-11.8929
-23.2762,-11.9169
-22.8608,-11.9273
-22.4693,-11.9245
-22.0954,-11.909
-21.7455,-11.8817
-21.4053,-11.8422
-21.037,-11.7872
-20.6396,-11.7364
-20.2145,-11.6902
-19.7617,-11.6513
-19.2813,-11.6213
-18.7731,-11.6019
-18.2371,-11.5943
-17.6722,-11.6001
-17.1493,-11.6193
-16.6737,-11.6281
-16.2465,-11.6276
-15.791,-11.6156
-15.3081,-11.613
-14.7985,-11.6199
-14.2623,-11.6387
-13.6994,-11.671
-13.1831,-11.7135
-12.7081,-11.7429
-12.2809,-11.7606
-11.9012,-11.7652
-11.5691,-11.757
-11.2082,-11.7362
-10.8193,-11.7229
-10.4034,-11.7169
-9.96063,-11.7211
-9.5637,-11.736
-9.1401,-11.764
-8.75633,-11.8016
-8.40519,-11.8495
-8.08708,-11.9059
-7.78801,-11.9723
-7.52024,-12.045
-7.24927,-12.1317
-7.0232,-12.2178
-6.78346,-12.3238
-6.51919,-12.447
-6.23389,-12.5968
-5.92677,-12.7693
-5.60039,-12.9687
-5.31549,-13.1596
-5.05782,-13.351
-4.82954,-13.5378
-4.58631,-13.7527
-4.32828,-13.9951
-4.09646,-14.233
-3.89781,-14.4582
-3.71693,-14.6842
-3.57053,-14.8899
-3.41642,-15.127
-3.25324,-15.3937
-3.08614,-15.6935
-2.91429,-16.0248
-2.77641,-16.3243
-2.66576,-16.6023
-2.56009,-16.9003
-2.48307,-17.1614
-2.42692,-17.4062
-2.38936,-17.626
-2.36944,-17.8405
-2.36195,-18.0191
-2.36968,-18.2238
-2.38631,-18.3848
-2.40737,-18.5521
-2.43157,-18.748
-2.47581,-18.9728
-2.5296,-19.2263
-2.60515,-19.5075
-2.69719,-19.816
-2.81171,-20.1502
-2.94759,-20.5092
-3.09592,-20.8601
-3.24092,-21.1634
-3.38075,-21.419
-3.51616,-21.6365
-3.66955,-21.8602
-3.8091,-22.0391
-3.97773,-22.234
-4.16932,-22.4484
-4.39321,-22.6754
-4.64611,-22.9164
-4.93026,-23.1685
-5.21986,-23.4069
-5.48452,-23.6046
-5.78072,-23.809
-6.1074,-24.0205
-6.46582,-24.2364
-6.82379,-24.436
-7.21347,-24.6373
-7.63443,-24.8399
-8.08665,-25.0423
-8.56997,-25.2435
-9.08267,-25.4419
-9.55574,-25.6108
-9.98836,-25.7508
-10.3797,-25.8634
-10.729,-25.9503
-11.1081,-26.032
-11.5169,-26.1082
-11.9557,-26.1768
-12.4242,-26.2368
-12.9222,-26.2869
-13.4491,-26.3262
-13.9988,-26.3533
-14.5016,-26.365
-14.9569,-26.362
-15.3644,-26.346
-15.7254,-26.3185
-16.1164,-26.2974
-16.5334,-26.2628
-16.9765,-26.2153
-17.4468,-26.1521
-17.9476,-26.0709
-18.4052,-26.0057
-18.816,-25.9551
-19.1803,-25.9207
-19.4992,-25.9026
-19.8157,-25.8963
-20.0936,-25.9033
-20.3842,-25.9228
-20.7041,-25.954
-21.0531,-25.9811
-21.4298,-26.0018
-21.8335,-26.0146
-22.2644,-26.0177
-22.7223,-26.0093
-23.2073,-25.9881
-23.7192,-25.9528
-24.1829,-25.9078
-24.5994,-25.8535
-24.9737,-25.7905
-25.3022,-25.7415
-25.5839,-25.7058
-25.8939,-25.6776
-26.2334,-25.6556
-26.6096,-25.6336
-27.0142,-25.5996
-27.4473,-25.5534
-27.915,-25.5152
-28.4132,-25.4855
-28.8841,-25.446
-29.3282,-25.3984
-29.7294,-25.3648
-30.0831,-25.3435
-30.3904,-25.3363
-30.7266,-25.3391
-31.0916,-25.3329
-31.4836,-25.3383
-31.9025,-25.3543
-32.3483,-25.3837
-32.8207,-25.4274
-33.3194,-25.4869
-33.7732,-25.5548
-34.2127,-25.6125
-34.6422,-25.6599
-35.027,-25.7129
-35.3628,-25.7681
-35.6493,-25.8271
-35.8869,-25.8877
-36.1489,-25.9659
-36.4357,-26.0601
-36.7457,-26.1759
-37.0791,-26.3111
-37.43,-26.4682
-37.7572,-26.6294
-38.1001,-26.8137
-38.4083,-26.9946
-38.7316,-27.2004
-39.0147,-27.3964
-39.3113,-27.6186
-39.5714,-27.83
-39.8016,-28.0121
-39.9866,-28.1742
-40.1289,-28.3132
-40.2534,-28.4552
-40.3923,-28.6137
-40.51,-28.7772
-40.6404,-28.9672
-40.7766,-29.1907
-40.9248,-29.442
-41.0751,-29.7281
-41.2293,-30.0466
-41.3847,-30.398
-41.5401,-30.7821
-41.6647,-31.1294
-41.7588,-31.4387
-41.8252,-31.7083
-41.8678,-31.9417
-41.9053,-32.2055
-41.9361,-32.4915
-41.9575,-32.8084
-41.9693,-33.145
-41.9639,-33.447
-41.9454,-33.7763
-41.9152,-34.0685
-41.8685,-34.3832
-41.8155,-34.6511
-41.7531,-34.8716
-41.6903,-35.0463
-41.6035,-35.246
-41.5071,-35.4734
-41.3828,-35.7233
-41.232,-35.9951
-41.0579,-36.2888
-40.8657,-36.5837
-40.6712,-36.8553
-40.4538,-37.1351
-40.2497,-37.3745
-40.02,-37.6221
-39.8114,-37.8272
-39.6228,-37.9882
-39.4599,-38.1095
-39.3198,-38.1885
-39.1577,-38.2853
-38.9619,-38.3828
-38.7336,-38.485
-38.4933,-38.5821
-38.2178,-38.6783
-37.91,-38.777
-37.5677,-38.8714
-37.1923,-38.9618
-36.7844,-39.0459
-36.3449,-39.1223
-35.8746,-39.1897
-35.4483,-39.2365
-35.0669,-39.2634
-34.7106,-39.2745
-34.3415,-39.2735
-34.0138,-39.2593
-33.6626,-39.2311
-33.3523,-39.1933
-33.0136,-39.1381
-32.6454,-39.0881
-32.2494,-39.041
-31.8257,-39.0011
-31.3744,-38.9692
-30.8953,-38.9472
-30.3885,-38.9365
-29.9283,-38.9396
-29.5149,-38.9559
-29.1481,-38.9836
-28.8253,-39.0213
-28.5387,-39.068
-28.2815,-39.1234
-27.9982,-39.1954
-27.6892,-39.2846
-27.3555,-39.3938
-26.9975,-39.5234
-26.6166,-39.6755
-26.2135,-39.8508
-25.7884,-40.051
-25.3721,-40.2385
-24.9968,-40.3995
-24.6622,-40.5326
-24.3667,-40.6377
-24.0717,-40.7306
-23.8092,-40.8002
-23.5151,-40.8663
-23.1958,-40.948
-22.852,-41.0427
-22.4854,-41.1548
-22.096,-41.2841
-21.6846,-41.4331
-21.2516,-41.6028
-20.7977,-41.7944
-20.3235,-42.009
-19.8302,-42.2471
-19.3182,-42.5095
-18.7883,-42.7966
-18.2412,-43.1089
-17.6777,-43.4465
-17.1566,-43.7735
