-0.0543548,1.50717
-0.128446,1.51896
-0.229809,1.51163
-0.35717,1.50972
-0.511501,1.49061
-0.692302,1.47416
-0.899847,1.43754
-1.13479,1.39792
-1.39706,1.33572
-1.69534,1.27515
-2.0218,1.21635
-2.37622,1.16248
-2.75676,1.11421
-3.16547,1.07369
-3.60248,1.04205
-4.06784,1.02088
-4.56139,1.01142
-5.08281,1.01479
-5.63165,1.03197
-6.1572,1.06182
-6.63734,1.10286
-7.07229,1.13212
-7.46659,1.15055
-7.83755,1.15685
-8.23587,1.1523
-8.66153,1.13569
-9.11489,1.10533
-9.597,1.05958
-10.1076,1.02047
-10.6454,0.988673
-11.1884,0.967779
-11.6841,0.960717
-12.1324,0.967112
-12.5344,0.985948
-12.9648,1.0192
-13.4234,1.04512
-13.9092,1.06361
-14.422,1.07213
-14.9626,1.06881
-15.5321,1.05188
-16.0648,1.0468
-16.552,1.0517
-16.9956,1.06722
-17.4012,1.09436
-17.7833,1.11177
-18.1924,1.12214
-18.63,1.12179
-19.1016,1.13299
-19.5997,1.15466
-20.1241,1.18913
-20.675,1.23805
-21.2535,1.30315
-21.7917,1.37756
-22.2844,1.4363
-22.7312,1.4807
-23.2059,1.51666
-23.7087,1.54229
-24.2395,1.55634
-24.798,1.55767
-25.3855,1.54499
-26.0026,1.54296
-26.6463,1.55199
-27.3055,1.57367
-27.9165,1.60629
-28.5552,1.6548
-29.2215,1.69378
-29.9151,1.72224
-30.6362,1.73873
-31.329,1.74168
-31.9783,1.73194
-32.5838,1.71015
-33.1522,1.67667
-33.6723,1.63335
-34.1839,1.57786
-34.6565,1.51408
-35.1334,1.43658
-35.5669,1.35325
-36.0075,1.25502
-36.4041,1.15346
-36.8091,1.03598
-37.1709,0.91766
-37.5551,0.778043
-37.9615,0.61751
-38.3193,0.461606
-38.6282,0.311239
-38.889,0.168912
-39.1023,0.0364676
-39.3039,-0.103227
-39.5181,-0.263824
-39.7267,-0.435743
-39.9417,-0.627818
-40.1488,-0.829998
-40.3595,-1.05334
-40.556,-1.28068
-40.7626,-1.53934
-40.9792,-1.82837
-41.2029,-2.14944
-41.4299,-2.4985
-41.6285,-2.83037
-41.8251,-3.18698
-41.9907,-3.51584
-42.122,-3.80994
-42.2214,-4.06753
-42.2905,-4.28744
-42.3317,-4.46844
-42.353,-4.62793
-42.3739,-4.81813
-42.3874,-5.04107
-42.4008,-5.29421
-42.3998,-5.57896
-42.3878,-5.89178
-42.3617,-6.22524
-42.322,-6.54855
-42.2663,-6.88727
-42.2008,-7.19691
-42.1172,-7.52468
-42.0293,-7.81301
-41.9218,-8.11646
-41.7949,-8.44439
-41.6448,-8.79393
-41.4829,-9.13714
-41.3268,-9.43243
-41.1784,-9.67985
-41.0411,-9.88047
-40.9083,-10.0481
-40.7521,-10.2322
-40.5896,-10.4022
-40.4111,-10.575
-40.2326,-10.7251
-40.0344,-10.8813
-39.8449,-11.0075
-39.6317,-11.1412
-39.3838,-11.2802
-39.1051,-11.4278
-38.7916,-11.5772
-38.4449,-11.7286
-38.065,-11.8796
-37.6525,-12.0287
-37.2197,-12.1701
-36.8252,-12.2838
-36.4715,-12.3701
-36.1598,-12.4314
-35.8829,-12.472
-35.5919,-12.5026
-35.3395,-12.5158
-35.057,-12.5179
-34.7451,-12.5128
-34.4034,-12.4925
-34.0328,-12.4598
-33.634,-12.4106
-33.2078,-12.3448
-32.7538,-12.2605
-32.2626,-12.1791
-31.7579,-12.1043
-31.2993,-12.0468
-30.8868,-12.0068
-30.5201,-11.984
-30.1979,-11.9772
-29.8461,-11.9613
-29.4669,-11.9556
-29.0596,-11.9601
-28.6229,-11.9777
-28.1541,-11.9863
-27.6584,-11.9863
-27.1361,-11.9753
-26.6515,-11.953
-26.2063,-11.9198
-25.8097,-11.8773
-25.4616,-11.8268
-25.162,-11.7699
-24.8355,-11.6959
-24.4798,-11.6246
-24.0962,-11.5554
-23.6846,-11.4916
-23.2448,-11.4343
-22.7766,-11.3853
-22.2799,-11.3459
-21.7549,-11.3175
-21.2731,-11.3044
-20.8371,-11.3063
-20.4435,-11.3001
-20.0223,-11.2852
-19.5734,-11.2576
-19.097,-11.2386
-18.5935,-11.2285
-18.0629,-11.2293
-17.5309,-11.2426
-17.0458,-11.2675
-16.6063,-11.3038
-16.2123,-11.3289
-15.866,-11.3435
-15.5668,-11.3452
-15.2883,-11.3362
-14.9811,-11.3152
-14.6418,-11.2814
-14.2738,-11.2525
-13.8782,-11.2299
-13.4556,-11.2156
-13.0473,-11.2127
-12.6821,-11.2219
-12.3406,-11.2431
-12.0302,-11.2748
-11.7373,-11.3177
-11.4745,-11.3694
-11.1842,-11.4386
-10.9191,-11.5139
-10.672,-11.6006
-10.4563,-11.6883
-10.2569,-11.7883
-10.0895,-11.8818
-9.8942,-11.9891
-9.66857,-12.0974
-9.41768,-12.216
-9.13634,-12.3316
-8.83217,-12.4532
-8.56433,-12.5437
-8.30004,-12.6251
-8.06412,-12.6806
-7.82377,-12.7312
-7.61945,-12.7545
-7.41445,-12.7736
-7.22297,-12.7714
-7.03532,-12.7813
-6.80657,-12.7944
-6.55334,-12.826
-6.33873,-12.8533
-6.12262,-12.8979
-5.94816,-12.9355
-5.76189,-12.9946
-5.61616,-13.0455
-5.45536,-13.1207
-5.33134,-13.1875
-5.17852,-13.2761
-5.06669,-13.3469
-4.92391,-13.4392
-4.82488,-13.5166
-4.70707,-13.6243
-4.56375,-13.7443
-4.40672,-13.8972
-4.23207,-14.0764
-4.04447,-14.2877
-3.84197,-14.5274
-3.63033,-14.8007
-3.4096,-15.1056
-3.18229,-15.443
-2.99035,-15.7547
-2.81916,-16.0622
-2.67715,-16.3468
-2.55079,-16.6312
-2.45115,-16.8891
-2.36273,-17.1562
-2.29855,-17.3906
-2.24539,-17.6417
-2.21036,-17.856
-2.18888,-18.0918
-2.18098,-18.2899
-2.18836,-18.514
-2.20468,-18.7029
-2.24021,-18.8726
-2.27368,-19.0304
-2.32525,-19.2216
-2.38215,-19.4419
-2.46313,-19.6888
-2.56611,-19.962
-2.68843,-20.2612
-2.83577,-20.584
-3.00713,-20.9294
-3.20422,-21.2957
-3.4275,-21.6814
-3.65173,-22.04
-3.86931,-22.3599
-4.07631,-22.6383
-4.27274,-22.8792
-4.48185,-23.1157
-4.6731,-23.3116
-4.87577,-23.4995
-5.05955,-23.6533
-5.2665,-23.8071
-5.44685,-23.9292
-5.66191,-24.0554
-5.90528,-24.1927
-6.18342,-24.3318
-6.49342,-24.4754
-6.83694,-24.6194
-7.21308,-24.7631
-7.62175,-24.9046
-8.06242,-25.0423
-8.53451,-25.1752
-9.00637,-25.2935
-9.43627,-25.3869
-9.82438,-25.4567
-10.1755,-25.5062
-10.5045,-25.5394
-10.8627,-25.5636
-11.2501,-25.5782
-11.6667,-25.5809
-12.1134,-25.5705
-12.5885,-25.568
-13.0904,-25.574
-13.6146,-25.5909
-14.0907,-25.618
-14.52,-25.655
-14.9088,-25.7015
-15.269,-25.7575
-15.5962,-25.8214
-15.95,-25.9031
-16.333,-25.9823
-16.7439,-26.0593
-17.1829,-26.1309
-17.6502,-26.1959
-18.146,-26.2525
-18.6705,-26.2994
-19.2231,-26.3355
-19.73,-26.3557
-20.1911,-26.3607
-20.6093,-26.3519
-21.0546,-26.3296
-21.5268,-26.2936
-22.027,-26.2419
-22.5586,-26.1725
-23.1188,-26.1093
-23.7065,-26.0532
-24.322,-26.0063
-24.9194,-25.9735
-25.4716,-25.9562
-26.0512,-25.9521
-26.6579,-25.9614
-27.2914,-25.9848
-27.9525,-26.0234
-28.6422,-26.0782
-29.3597,-26.1226
-30.0996,-26.1553
-30.7924,-26.1727
-31.5142,-26.1768
-32.196,-26.1939
-32.8295,-26.2225
-33.4179,-26.261
-33.9941,-26.3118
-34.5317,-26.3725
-35.0464,-26.4444
-35.521,-26.5239
-36.0201,-26.6211
-36.47,-26.7215
-36.8705,-26.8245
-37.2217,-26.9284
-37.5237,-27.0315
-37.7899,-27.1363
-38.0759,-27.2608
-38.349,-27.3928
-38.6333,-27.5445
-38.8972,-27.6993
-39.1741,-27.8774
-39.4253,-28.0537
-39.6927,-28.2584
-39.9769,-28.489
-40.2732,-28.7472
-40.5368,-28.9955
-40.7562,-29.2235
-40.933,-29.4288
-41.0686,-29.6091
-41.165,-29.763
-41.2682,-29.9433
-41.3668,-30.1358
-41.4632,-30.3503
-41.5537,-30.5731
-41.6427,-30.8305
-41.7343,-31.1158
-41.8199,-31.4326
-41.892,-31.7509
-41.9557,-32.0953
-42.0057,-32.44
-42.0444,-32.8052
-42.0665,-33.1477
-42.0759,-33.5111
-42.0705,-33.8372
-42.0506,-34.182
-42.02,-34.4804
-41.9773,-34.7316
-41.9289,-34.9358
-41.8703,-35.1033
-41.8037,-35.2982
-41.7118,-35.5161
-41.6044,-35.7467
-41.4813,-35.9761
-41.3446,-36.2105
-41.1936,-36.4371
-41.0317,-36.6606
-40.8592,-36.8709
-40.6761,-37.0766
-40.4899,-37.2609
-40.2888,-37.445
-40.0984,-37.5958
-39.8781,-37.7589
-39.6256,-37.9312
-39.3412,-38.112
-39.0236,-38.2982
-38.6733,-38.4885
-38.3554,-38.6439
-38.0713,-38.7646
-37.8214,-38.8543
-37.5516,-38.9386
-37.3116,-38.9992
-37.0467,-39.0526
-36.8172,-39.087
-36.5645,-39.1088
-36.2815,-39.1289
-35.9665,-39.1355
-35.6206,-39.1317
-35.2445,-39.1142
-34.8389,-39.0823
-34.4035,-39.0339
-33.9386,-38.9903
-33.4463,-38.9521
-32.9996,-38.9275
-32.6004,-38.9167
-32.2484,-38.9195
-31.9403,-38.9347
-31.6496,-38.9614
-31.3317,-39.0014
-30.9868,-39.0562
-30.6154,-39.1276
-30.218,-39.2168
-29.7955,-39.3251
-29.3488,-39.4535
-28.8819,-39.602
-28.4639,-39.7493
-28.094,-39.8952
-27.6954,-40.044
-27.2687,-40.1937
-26.817,-40.3408
-26.407,-40.4622
-25.9658,-40.5794
-25.5008,-40.7131
-25.0127,-40.8632
-24.5024,-41.032
-0.0479745,1.50675
-0.108004,1.5097
-0.194705,1.49222
-0.307507,1.47967
-0.446904,1.44693
-0.613285,1.41589
-0.806642,1.36255
-1.03005,1.3035
-1.28253,1.23768
-1.56327,1.17079
-1.87252,1.1087
-2.20922,1.048
-2.57455,0.994832
-2.96814,0.947295
-3.39057,0.908976
-3.84171,0.880336
-4.32142,0.862977
-4.82936,0.857982
-5.36507,0.866352
-5.92786,0.888947
-6.44325,0.922691
-6.91234,0.967216
-7.33644,0.999659
-7.72174,1.02098
-8.13445,1.0327
-8.57462,1.0338
-9.04223,1.02261
-9.5385,0.99751
-10.0686,0.956742
-10.6269,0.923768
-11.1561,0.902554
-11.6402,0.893995
-12.0816,0.898428
-12.4857,0.915454
-12.8601,0.944277
-13.2631,0.988077
-13.6946,1.02583
-14.1535,1.05744
-14.6398,1.08021
-15.1535,1.09245
-15.6949,1.09262
-16.2171,1.07952
-16.7014,1.07751
-17.1409,1.08491
-17.5382,1.10329
-17.9684,1.13624
-18.4354,1.16105
-18.9367,1.17736
-19.4688,1.18265
-20.0342,1.20054
-20.6258,1.23012
-21.2403,1.27304
-21.8066,1.32512
-22.3256,1.3862
-22.7981,1.43283
-23.2979,1.47323
-23.8255,1.50404
-24.3809,1.52372
-24.9643,1.531
-25.5767,1.52453
-26.2178,1.52932
-26.8852,1.5459
-27.5053,1.57371
-28.1527,1.6165
-28.828,1.64925
-29.5303,1.67113
-30.26,1.68073
-31.0145,1.67697
-31.7211,1.66124
-32.3788,1.6344
-32.9875,1.59707
-33.5566,1.54929
-34.0773,1.49311
-34.5868,1.42546
-35.0575,1.3504
-35.5287,1.26208
-35.9568,1.16889
-36.389,1.0612
-36.7775,0.951212
-37.1731,0.825362
-37.5915,0.679298
-38.0312,0.511986
-38.4221,0.348982
-38.764,0.191111
-39.0574,0.0405245
-39.3028,-0.100758
-39.5009,-0.230999
-39.6718,-0.359098
-39.8598,-0.511321
-40.0548,-0.682345
-40.2468,-0.867833
-40.4413,-1.07082
-40.6295,-1.28741
-40.83,-1.53389
-41.0398,-1.81209
-41.258,-2.12179
-41.4795,-2.45968
-41.6744,-2.7837
-41.8676,-3.13267
-42.0303,-3.45535
-42.1585,-3.74357
-42.2547,-3.99548
-42.3207,-4.20985
-42.3589,-4.38543
-42.3818,-4.55316
-42.4034,-4.7474
-42.4164,-4.97481
-42.4303,-5.2315
-42.4296,-5.52058
-42.4158,-5.83859
-42.3894,-6.17591
-42.3484,-6.5044
-42.292,-6.84587
-42.2254,-7.15893
-42.1411,-7.48916
-42.0525,-7.77958
-41.9446,-8.08487
-41.8171,-8.41455
-41.6665,-8.76589
-41.5039,-9.1114
-41.3472,-9.40897
-41.1982,-9.65863
-41.0601,-9.86144
-40.9275,-10.0297
-40.7714,-10.2146
-40.6085,-10.3864
-40.4301,-10.5597
-40.2514,-10.7116
-40.053,-10.8684
-39.8637,-10.9959
-39.6502,-11.1304
-39.4025,-11.2707
-39.1239,-11.4196
-38.8105,-11.5704
-38.464,-11.7235
-38.0842,-11.8763
-37.6718,-12.0273
-37.2403,-12.1701
-36.8468,-12.2852
-36.4941,-12.3728
-36.1832,-12.4353
-35.9064,-12.477
-35.6154,-12.5087
-35.363,-12.5229
-35.0803,-12.5262
-34.7681,-12.5223
-34.4262,-12.5034
-34.0553,-12.4721
-33.6561,-12.4246
-33.2295,-12.3605
-32.775,-12.278
-32.2889,-12.175
-31.7824,-12.0767
-31.3216,-11.9962
-30.9066,-11.9336
-30.5372,-11.8901
-30.2133,-11.8646
-29.8609,-11.8485
-29.4799,-11.8423
-29.0706,-11.8482
-28.633,-11.8673
-28.1664,-11.9013
-27.6681,-11.928
-27.1428,-11.9471
-26.6599,-11.9539
-26.2135,-11.9484
-25.8149,-11.9309
-25.4645,-11.9024
-25.1621,-11.8648
-24.8334,-11.8121
-24.477,-11.7439
-24.0913,-11.6779
-23.6777,-11.6155
-23.2363,-11.5592
-22.7669,-11.5105
-22.2692,-11.471
-21.7437,-11.4422
-21.2642,-11.4287
-20.8306,-11.4302
-20.4445,-11.4245
-20.0318,-11.4104
-19.5914,-11.3837
-19.1182,-11.3426
-18.617,-11.3091
-18.0886,-11.2835
-17.5595,-11.2693
-17.0776,-11.2684
-16.6412,-11.2807
-16.2455,-11.3057
-15.8951,-11.3208
-15.5918,-11.3271
-15.3094,-11.3221
-14.9986,-11.3078
-14.6541,-11.2802
-14.2813,-11.2603
-13.8814,-11.2465
-13.4546,-11.2426
-13.0538,-11.2499
-12.6897,-11.2687
-12.3495,-11.2987
-12.0411,-11.3387
-11.7497,-11.3898
-11.4791,-11.4306
-11.1778,-11.4685
-10.9116,-11.5099
-10.6511,-11.562
-10.4326,-11.6151
-10.213,-11.6837
-9.96736,-11.7618
-9.6992,-11.865
-9.40699,-11.9864
-9.0916,-12.1328
-8.78965,-12.2861
-8.52482,-12.4175
-8.2773,-12.5344
-8.04499,-12.6339
-7.82451,-12.7202
-7.61807,-12.7866
-7.42025,-12.8455
-7.24196,-12.8784
-7.06468,-12.9113
-6.85339,-12.9326
-6.61489,-12.9674
-6.36896,-13.0072
-6.17033,-13.0504
-5.98015,-13.0917
-5.8205,-13.1451
-5.65602,-13.1977
-5.52823,-13.2596
-5.384,-13.3281
-5.27989,-13.4019
-5.139,-13.4798
-5.04668,-13.5558
-4.92202,-13.6418
-4.78216,-13.7584
-4.61779,-13.8884
-4.44025,-14.0508
-4.24716,-14.2415
-4.03908,-14.4605
-3.81898,-14.7107
-3.58759,-14.9913
-3.34743,-15.3038
-3.13392,-15.6054
-2.9455,-15.8981
-2.78326,-16.1768
-2.64115,-16.4486
-2.52272,-16.7049
-2.41922,-16.9611
-2.33912,-17.1956
-2.26889,-17.4428
-2.22068,-17.6577
-2.18336,-17.8949
-2.1607,-18.0944
-2.15224,-18.3187
-2.15849,-18.5079
-2.17983,-18.7248
-2.20464,-18.8976
-2.23693,-19.057
-2.28648,-19.2451
-2.3397,-19.4624
-2.4168,-19.7067
-2.5165,-19.9773
-2.63444,-20.2743
-2.77761,-20.5951
-2.94459,-20.9389
-3.13711,-21.3038
-3.35566,-21.6883
-3.58628,-22.0652
-3.80591,-22.3962
-4.01378,-22.6825
-4.20984,-22.9287
-4.41803,-23.17
-4.60893,-23.3705
-4.81126,-23.5634
-4.99496,-23.7214
-5.20119,-23.8795
-5.38158,-24.0055
-5.5965,-24.136
-5.8393,-24.2782
-6.11684,-24.4226
-6.42625,-24.5718
-6.76901,-24.7219
-7.14437,-24.8722
-7.55223,-25.0208
-7.99209,-25.1662
-8.46343,-25.3072
-8.95737,-25.4403
-9.4093,-25.5479
-9.81856,-25.6309
-10.1857,-25.6914
-10.5202,-25.7333
-10.8839,-25.7668
-11.2768,-25.7913
-11.6988,-25.8047
-12.1496,-25.8061
-12.6299,-25.7938
-13.1402,-25.7901
-13.6743,-25.7954
-14.1602,-25.811
-14.5991,-25.837
-14.9958,-25.8733
-15.3625,-25.9196
-15.6968,-25.9749
-16.0582,-26.0471
-16.4487,-26.116
-16.8671,-26.1818
-17.3134,-26.2414
-17.7878,-26.2933
-18.2905,-26.3361
-18.8215,-26.3683
-19.3792,-26.3887
-19.8898,-26.3945
-20.353,-26.3864
-20.7693,-26.3658
-21.2138,-26.3306
-21.6876,-26.2802
-22.1916,-26.2124
-22.7244,-26.1504
-23.2846,-26.0951
-23.8727,-26.0485
-24.4888,-26.0126
-25.0695,-25.9919
-25.6099,-25.9866
-26.1801,-25.9955
-26.7771,-26.0185
-27.4014,-26.0563
-28.0539,-26.1102
-28.7342,-26.1544
-29.4418,-26.1881
-30.1742,-26.2097
-30.8593,-26.2173
-31.5727,-26.2107
-32.2391,-26.2177
-32.8575,-26.2365
-33.4332,-26.266
-34.005,-26.3087
-34.5333,-26.3614
-35.0392,-26.4255
-35.5061,-26.4978
-35.9978,-26.5875
-36.4404,-26.6809
-36.8336,-26.7776
-37.1776,-26.8758
-37.4725,-26.9738
-37.7334,-27.0743
-38.0146,-27.1943
-38.2862,-27.3233
-38.5678,-27.4712
-38.8322,-27.624
-39.1089,-27.7995
-39.3615,-27.9744
-39.6305,-28.1775
-39.9165,-28.4066
-40.2149,-28.6632
-40.4813,-28.911
-40.7035,-29.1387
-40.8829,-29.3439
-41.021,-29.5245
-41.1195,-29.6791
-41.2253,-29.86
-41.3266,-30.0538
-41.4259,-30.2685
-41.519,-30.4936
-41.6057,-30.7408
-41.6963,-31.0193
-41.7817,-31.3302
-41.862,-31.666
-41.9254,-31.997
-41.9804,-32.3554
-42.021,-32.7112
-42.0486,-33.0775
-42.0601,-33.4202
-42.0582,-33.7786
-42.0428,-34.0982
-42.0126,-34.4344
-41.9732,-34.7238
-41.9232,-34.9658
-41.8694,-35.1606
-41.8025,-35.337
-41.7281,-35.5394
-41.6285,-35.7607
-41.5149,-35.9803
-41.386,-36.2073
-41.2436,-36.4275
-41.089,-36.647
-40.9238,-36.8535
-40.7466,-37.0578
-40.5661,-37.2403
-40.3687,-37.4256
-40.1818,-37.5769
-39.9651,-37.741
-39.7161,-37.9147
-39.4353,-38.0975
-39.1212,-38.2859
-38.7744,-38.479
-38.3947,-38.6745
-38.0489,-38.8359
-37.7383,-38.9636
-37.4648,-39.0597
-37.2298,-39.1271
-37.0129,-39.1747
-36.7785,-39.2165
-36.5747,-39.2364
-36.3398,-39.2524
-36.0729,-39.2589
-35.775,-39.2587
-35.4457,-39.244
-35.0862,-39.2169
-34.6971,-39.1737
-34.2782,-39.1132
-33.8293,-39.0563
-33.3529,-39.0036
-32.9235,-38.9659
-32.5411,-38.9432
-32.2048,-38.9354
-31.9053,-38.9409
-31.6164,-38.9584
-31.3,-38.9883
-30.9561,-39.032
-30.5851,-39.0915
-30.1876,-39.1679
-29.7644,-39.2627
-29.3162,-39.3769
-28.8447,-39.5112
-28.4218,-39.6459
-28.0474,-39.7803
-27.6495,-39.9378
-27.2126,-40.0997
-26.7503,-40.2604
-26.2575,-40.4198
-25.7425,-40.598
-25.2059,-40.7949
-24.6482,-41.0125
-24.07,-41.252
-0.0479747,1.50675
-0.108004,1.5097
-0.194706,1.49222
-0.307507,1.47967
-0.446905,1.44693
-0.613286,1.41589
-0.806643,1.36255
-1.03006,1.3035
-1.28253,1.23768
-1.56327,1.17079
-1.87253,1.1087
-2.20922,1.048
-2.57455,0.994834
-2.96814,0.947297
-3.39058,0.908978
-3.84171,0.880338
-4.32143,0.86298
-4.82936,0.857985
-5.36507,0.866356
-5.92787,0.888951
-6.44325,0.922696
-6.91234,0.967221
-7.33644,0.999664
-7.72174,1.02099
-8.13445,1.0327
-8.57462,1.03381
-9.04223,1.02262
-9.5385,0.997517
-10.0686,0.956747
-10.6269,0.923772
-11.1561,0.902556
-11.6402,0.893995
-12.0816,0.898428
-12.4857,0.915452
-12.8601,0.944274
-13.2631,0.988073
-13.6946,1.02582
-14.1535,1.05744
-14.6398,1.0802
-15.1535,1.09244
-15.6949,1.0926
-16.2171,1.0795
-16.7014,1.07749
-17.1409,1.08489
-17.5382,1.10327
-17.9683,1.13622
-18.4353,1.16103
-18.9367,1.17734
-19.4688,1.18262
-20.0342,1.2005
-20.6258,1.23008
-21.2403,1.273
-21.8066,1.32508
-22.3256,1.38615
-22.7981,1.43278
-23.2979,1.47317
-23.8255,1.50398
-24.3809,1.52366
-24.9643,1.53093
-25.5768,1.52446
-26.2178,1.52925
-26.8852,1.54582
-27.5053,1.57362
-28.1527,1.6164
-28.828,1.64915
-29.5303,1.67102
-30.26,1.68061
-31.0146,1.67684
-31.7211,1.6611
-32.3788,1.63426
-32.9876,1.59692
-33.5567,1.54913
-34.0774,1.49295
-34.5869,1.42529
-35.0576,1.35022
-35.5288,1.2619
-35.9569,1.1687
-36.3892,1.06101
-36.7777,0.951022
-37.1733,0.825168
-37.5916,0.679102
-38.0314,0.511787
-38.4223,0.348781
-38.7642,0.190908
-39.0575,0.040319
-39.3029,-0.100966
-39.5011,-0.231208
-39.672,-0.359293
-39.8599,-0.511504
-40.0549,-0.682527
-40.2469,-0.868009
-40.4414,-1.071
-40.6296,-1.28758
-40.8301,-1.53405
-41.0399,-1.81225
-41.2581,-2.12194
-41.4795,-2.45983
-41.6744,-2.78386
-41.8676,-3.13283
-42.0303,-3.45551
-42.1586,-3.74373
-42.2548,-3.99563
-42.3207,-4.21001
-42.3589,-4.38559
-42.3818,-4.55332
-42.4035,-4.74755
-42.4164,-4.97497
-42.4303,-5.23165
-42.4296,-5.52073
-42.4158,-5.83875
-42.3894,-6.17606
-42.3484,-6.50455
-42.2919,-6.84601
-42.2254,-7.15907
-42.141,-7.4893
-42.0525,-7.77971
-41.9445,-8.08499
-41.817,-8.41467
-41.6665,-8.766
-41.5039,-9.11152
-41.3471,-9.40909
-41.1981,-9.65876
-41.06,-9.86158
-40.9274,-10.0299
-40.7713,-10.2148
-40.6084,-10.3865
-40.43,-10.5598
-40.2513,-10.7117
-40.0529,-10.8685
-39.8636,-10.996
-39.6501,-11.1305
-39.4024,-11.2708
-39.1238,-11.4197
-38.8104,-11.5705
-38.4639,-11.7235
-38.0841,-11.8763
-37.6717,-12.0273
-37.2402,-12.1702
-36.8467,-12.2852
-36.494,-12.3728
-36.1831,-12.4353
-35.9063,-12.4769
-35.6153,-12.5087
-35.3628,-12.5229
-35.0802,-12.5261
-34.768,-12.5222
-34.4261,-12.5034
-34.0552,-12.4721
-33.656,-12.4245
-33.2294,-12.3604
-32.7749,-12.2779
-32.2888,-12.175
-31.7823,-12.0767
-31.3214,-11.9961
-30.9065,-11.9336
-30.5371,-11.8901
-30.2132,-11.8646
-29.8608,-11.8485
-29.4799,-11.8423
-29.0705,-11.8483
-28.633,-11.8674
-28.1664,-11.9014
-27.6681,-11.9281
-27.1429,-11.9473
-26.66,-11.9541
-26.2136,-11.9486
-25.815,-11.9311
-25.4646,-11.9027
-25.1623,-11.8651
-24.8335,-11.8125
-24.4771,-11.7442
-24.0914,-11.6783
-23.6779,-11.6159
-23.2364,-11.5596
-22.767,-11.5109
-22.2694,-11.4715
-21.7439,-11.4427
-21.2644,-11.4292
-20.8308,-11.4308
-20.4446,-11.4251
-20.032,-11.411
-19.5916,-11.3844
-19.1185,-11.3433
-18.6174,-11.3098
-18.0892,-11.2843
-17.5599,-11.2701
-17.0779,-11.2692
-16.6414,-11.2816
-16.2456,-11.3066
-15.8951,-11.3217
-15.5918,-11.328
-15.3096,-11.3231
-14.9991,-11.3088
-14.6551,-11.2808
-14.2829,-11.2603
-13.8835,-11.246
-13.4571,-11.2414
-13.0553,-11.248
-12.6912,-11.2662
-12.3504,-11.2957
-12.0421,-11.3351
-11.7499,-11.3857
-11.4787,-11.4265
-11.1764,-11.4645
-10.9106,-11.5058
-10.6491,-11.5581
-10.4304,-11.6112
-10.2109,-11.6799
-9.96534,-11.758
-9.69726,-11.8611
-9.40517,-11.9827
-9.08987,-12.1291
-8.78806,-12.2831
-8.52326,-12.4153
-8.27618,-12.5328
-8.04382,-12.633
-7.8241,-12.7198
-7.61701,-12.787
-7.42075,-12.8463
-7.24094,-12.8805
-7.06641,-12.913
-6.85784,-12.934
-6.62229,-12.9693
-6.37315,-13.0097
-6.17239,-13.0548
-5.98594,-13.0958
-5.8214,-13.1511
-5.66511,-13.2019
-5.52766,-13.2675
-5.39354,-13.3323
-5.27951,-13.4103
-5.15836,-13.4914
-5.06349,-13.5763
-4.93338,-13.6624
-4.78933,-13.7797
-4.62549,-13.9185
-4.44786,-14.0882
-4.25017,-14.2793
-4.04192,-14.5036
-3.82196,-14.7587
-3.59149,-15.0442
-3.3526,-15.3614
-3.14781,-15.6577
-2.96127,-15.9542
-2.80662,-16.2267
-2.66644,-16.5022
-2.55484,-16.7511
-2.4535,-17.0116
-2.37777,-17.24
-2.31223,-17.4871
-2.2662,-17.6983
-2.23252,-17.9323
-2.21499,-18.1297
-2.2116,-18.352
-2.21796,-18.5381
-2.2409,-18.7528
-2.2731,-18.9238
-2.3127,-19.0756
-2.35283,-19.2571
-2.41611,-19.4661
-2.50008,-19.7024
-2.59914,-19.9663
-2.7238,-20.2548
-2.87107,-20.5677
-3.04381,-20.9029
-3.24226,-21.2589
-3.46731,-21.6342
-3.70263,-21.9986
-3.92619,-22.3177
-4.13699,-22.5924
-4.33516,-22.8275
-4.54727,-23.0599
-4.74052,-23.2515
-4.94429,-23.434
-5.12933,-23.5836
-5.33762,-23.7328
-5.51834,-23.8506
-5.7339,-23.9718
-5.97806,-24.1036
-6.25703,-24.2367
-6.5679,-24.3739
-6.91238,-24.5108
-7.28951,-24.6468
-7.69916,-24.78
-8.14077,-24.909
-8.61372,-25.0324
-9.05404,-25.133
-9.45735,-25.2103
-9.82605,-25.2668
-10.1664,-25.3054
-10.4806,-25.3272
-10.8251,-25.3598
-11.1991,-25.3831
-11.6011,-25.4186
-12.03,-25.4654
-12.4849,-25.5263
-12.967,-25.6031
-13.4816,-25.674
-13.9722,-25.7317
-14.4191,-25.7733
-14.8251,-25.7987
-15.1968,-25.8088
-15.5381,-25.8253
-15.9057,-25.8508
-16.3008,-25.8896
-16.7254,-25.9203
-17.1772,-25.9437
-17.6565,-25.957
-18.1633,-25.9589
-18.6989,-25.9476
-19.2303,-25.9223
-19.7147,-25.9084
-20.1513,-25.9043
-20.5433,-25.9114
-20.9623,-25.931
-21.4095,-25.9641
-21.8868,-25.9898
-22.3913,-26.0076
-22.9228,-26.0153
-23.4816,-26.011
-24.0673,-25.9933
-24.6798,-25.9613
-25.2454,-25.9187
-25.765,-25.8659
-26.3124,-25.8199
-26.8872,-25.782
-27.4896,-25.7545
-28.1198,-25.7389
-28.7772,-25.7363
-29.4617,-25.7475
-30.1379,-25.7718
-30.7657,-25.8069
-31.4191,-25.8574
-32.0981,-25.9237
-32.8016,-26.0061
-33.4563,-26.0954
-34.0634,-26.1908
-34.6258,-26.2922
-35.1475,-26.3992
-35.6329,-26.5116
-36.0686,-26.6255
-36.455,-26.7398
-36.8013,-26.8556
-37.1615,-26.9891
-37.4855,-27.1225
-37.8267,-27.2772
-38.1372,-27.4316
-38.4623,-27.6085
-38.7553,-27.7822
-39.0611,-27.9795
-39.332,-28.1695
-39.6187,-28.3873
-39.9213,-28.6311
-40.2306,-28.8979
-40.5007,-29.1493
-40.7265,-29.3801
-40.9096,-29.5878
-41.0513,-29.7707
-41.1533,-29.927
-41.2566,-30.1033
-41.3547,-30.2886
-41.4506,-30.499
-41.5417,-30.7121
-41.6305,-30.9604
-41.7198,-31.2374
-41.8042,-31.5437
-41.875,-31.8491
-41.9378,-32.1829
-41.9875,-32.5172
-42.026,-32.8734
-42.0485,-33.2111
-42.0581,-33.5687
-42.0529,-33.8906
-42.0332,-34.2321
-42.0027,-34.5272
-41.9599,-34.7754
-41.9115,-34.9765
-41.8525,-35.1416
-41.7861,-35.3341
-41.6942,-35.5499
-41.5852,-35.7798
-41.463,-36.0058
-41.3231,-36.2411
-41.1753,-36.4607
-41.0074,-36.6887
-40.842,-36.8881
-40.651,-37.0982
-40.4717,-37.2756
-40.2644,-37.4596
-40.076,-37.6109
-39.8533,-37.7701
-39.6015,-37.9417
-39.3154,-38.1187
-38.997,-38.3019
-38.6455,-38.4883
-38.3268,-38.6403
-38.0424,-38.7579
-37.7908,-38.8456
-37.5168,-38.9288
-37.2743,-38.988
-37.0074,-39.0395
-36.7766,-39.0722
-36.5234,-39.0919
-36.2401,-39.1097
-35.9247,-39.1136
-35.5788,-39.1071
-35.2026,-39.0865
-34.7961,-39.0509
-34.3588,-38.9985
-33.8919,-38.9504
-33.3978,-38.9077
-32.951,-38.8791
-32.5514,-38.8646
-32.199,-38.8643
-31.8908,-38.8766
-31.6013,-38.9008
-31.2844,-38.9379
-30.9405,-38.9896
-30.5698,-39.0576
-30.1731,-39.1431
-29.7511,-39.2476
-29.3046,-39.3719
-28.8357,-39.5169
-28.4156,-39.661
-28.0434,-39.804
-27.6392,-39.9504
-27.2063,-40.0973
-26.7467,-40.2416
-26.2558,-40.3829
-25.7418,-40.5417
-25.2053,-40.7182
-24.6471,-40.9144
-24.0676,-41.1317
